# baryon density (fm^-3) # energy density (MeV/fm^3) pressure (MeV/fm^3)
1.000000e-10 9.303130e-08 6.916650e-13
1.020000e-10 9.489190e-08 7.149060e-13
1.040400e-10 9.678970e-08 7.389170e-13
1.061210e-10 9.872560e-08 7.637220e-13
1.082430e-10 1.007000e-07 7.893470e-13
1.104080e-10 1.027140e-07 8.158200e-13
1.126160e-10 1.047680e-07 8.431680e-13
1.148690e-10 1.068640e-07 8.714190e-13
1.171660e-10 1.090010e-07 9.006020e-13
1.195090e-10 1.111810e-07 9.307490e-13
1.218990e-10 1.134050e-07 9.618890e-13
1.243370e-10 1.156730e-07 9.940550e-13
1.268240e-10 1.179860e-07 1.027280e-12
1.293610e-10 1.203460e-07 1.061600e-12
1.319480e-10 1.227530e-07 1.097050e-12
1.345870e-10 1.252080e-07 1.133660e-12
1.372790e-10 1.277120e-07 1.171480e-12
1.400240e-10 1.302670e-07 1.210540e-12
1.428250e-10 1.328720e-07 1.250880e-12
1.456810e-10 1.355290e-07 1.292550e-12
1.485950e-10 1.382400e-07 1.335580e-12
1.515670e-10 1.410050e-07 1.380030e-12
1.545980e-10 1.438250e-07 1.425920e-12
1.576900e-10 1.467010e-07 1.473330e-12
1.608440e-10 1.496360e-07 1.522280e-12
1.640610e-10 1.526280e-07 1.572830e-12
1.673420e-10 1.556810e-07 1.625030e-12
1.706890e-10 1.587950e-07 1.678940e-12
1.741020e-10 1.619700e-07 1.734610e-12
1.775840e-10 1.652100e-07 1.792100e-12
1.811360e-10 1.685140e-07 1.851450e-12
1.847590e-10 1.718840e-07 1.912750e-12
1.884540e-10 1.753220e-07 1.976040e-12
1.922230e-10 1.788290e-07 2.041380e-12
1.960680e-10 1.824050e-07 2.108860e-12
1.999890e-10 1.860530e-07 2.178530e-12
2.039890e-10 1.897750e-07 2.250460e-12
2.080690e-10 1.935700e-07 2.324720e-12
2.122300e-10 1.974420e-07 2.401390e-12
2.164740e-10 2.013900e-07 2.480560e-12
2.208040e-10 2.054180e-07 2.562280e-12
2.252200e-10 2.095270e-07 2.646650e-12
2.297240e-10 2.137170e-07 2.733760e-12
2.343190e-10 2.179920e-07 2.823670e-12
2.390050e-10 2.223520e-07 2.916500e-12
2.437850e-10 2.267990e-07 3.012320e-12
2.486610e-10 2.313350e-07 3.111240e-12
2.536340e-10 2.359610e-07 3.213350e-12
2.587070e-10 2.406810e-07 3.318750e-12
2.638810e-10 2.454940e-07 3.427550e-12
2.691590e-10 2.504040e-07 3.539850e-12
2.745420e-10 2.554130e-07 3.655760e-12
2.800330e-10 2.605210e-07 3.775400e-12
2.856330e-10 2.657310e-07 3.898880e-12
2.913460e-10 2.710460e-07 4.026330e-12
2.971730e-10 2.764670e-07 4.157870e-12
3.031170e-10 2.819970e-07 4.293620e-12
3.091790e-10 2.876370e-07 4.433730e-12
3.153620e-10 2.933890e-07 4.578320e-12
3.216700e-10 2.992570e-07 4.727550e-12
3.281030e-10 3.052420e-07 4.881540e-12
3.346650e-10 3.113470e-07 5.040450e-12
3.413580e-10 3.175740e-07 5.204440e-12
3.481860e-10 3.239260e-07 5.373670e-12
3.551490e-10 3.304050e-07 5.548290e-12
3.622520e-10 3.370130e-07 5.728470e-12
3.694970e-10 3.437530e-07 5.914400e-12
3.768870e-10 3.506280e-07 6.106240e-12
3.844250e-10 3.576410e-07 6.304180e-12
3.921140e-10 3.647940e-07 6.508410e-12
3.999560e-10 3.720900e-07 6.719130e-12
4.079550e-10 3.795320e-07 6.936540e-12
4.161140e-10 3.871230e-07 7.160830e-12
4.244360e-10 3.948650e-07 7.392240e-12
4.329250e-10 4.027630e-07 7.630980e-12
4.415840e-10 4.108180e-07 7.877260e-12
4.504150e-10 4.190350e-07 8.131340e-12
4.594240e-10 4.274160e-07 8.393440e-12
4.686120e-10 4.359640e-07 8.663820e-12
4.779840e-10 4.446840e-07 8.942730e-12
4.875440e-10 4.535780e-07 9.230430e-12
4.972950e-10 4.626490e-07 9.527200e-12
5.072410e-10 4.719020e-07 9.833300e-12
5.173860e-10 4.813410e-07 1.014900e-11
5.277330e-10 4.909680e-07 1.047470e-11
5.382880e-10 5.007870e-07 1.081060e-11
5.490540e-10 5.108030e-07 1.115700e-11
5.600350e-10 5.210200e-07 1.151430e-11
5.712350e-10 5.314400e-07 1.188280e-11
5.826600e-10 5.420690e-07 1.226280e-11
5.943130e-10 5.529110e-07 1.265470e-11
6.062000e-10 5.639690e-07 1.305890e-11
6.183240e-10 5.752490e-07 1.347570e-11
6.306900e-10 5.867540e-07 1.390550e-11
6.433040e-10 5.984900e-07 1.434870e-11
6.561700e-10 6.104600e-07 1.480570e-11
6.692930e-10 6.226690e-07 1.527700e-11
6.826790e-10 6.351230e-07 1.576290e-11
6.963330e-10 6.478260e-07 1.626390e-11
7.102590e-10 6.607820e-07 1.678050e-11
7.244650e-10 6.739980e-07 1.731320e-11
7.389540e-10 6.874790e-07 1.786230e-11
7.537330e-10 7.012290e-07 1.842850e-11
7.688080e-10 7.152540e-07 1.901220e-11
7.841840e-10 7.295590e-07 1.961400e-11
7.998670e-10 7.441510e-07 2.023440e-11
8.158650e-10 7.590340e-07 2.087390e-11
8.321820e-10 7.742150e-07 2.153320e-11
8.488260e-10 7.897000e-07 2.221290e-11
8.658020e-10 8.054940e-07 2.291340e-11
8.831180e-10 8.216050e-07 2.363560e-11
9.007810e-10 8.380370e-07 2.438000e-11
9.187960e-10 8.547990e-07 2.514720e-11
9.371720e-10 8.718950e-07 2.593810e-11
9.559160e-10 8.893330e-07 2.675320e-11
9.750340e-10 9.071210e-07 2.759330e-11
9.945350e-10 9.252640e-07 2.845920e-11
1.014430e-09 9.437700e-07 2.935150e-11
1.034710e-09 9.626460e-07 3.027120e-11
1.055410e-09 9.818990e-07 3.121900e-11
1.076520e-09 1.001540e-06 3.219580e-11
1.098050e-09 1.021570e-06 3.320230e-11
1.120010e-09 1.042000e-06 3.423960e-11
1.142410e-09 1.062840e-06 3.530850e-11
1.165260e-09 1.084100e-06 3.640990e-11
1.188560e-09 1.105780e-06 3.754480e-11
1.212330e-09 1.127900e-06 3.871420e-11
1.236580e-09 1.150460e-06 3.991920e-11
1.261310e-09 1.173470e-06 4.116070e-11
1.286540e-09 1.196940e-06 4.243980e-11
1.312270e-09 1.220880e-06 4.375770e-11
1.338510e-09 1.245300e-06 4.511550e-11
1.365280e-09 1.270200e-06 4.651440e-11
1.392590e-09 1.295610e-06 4.795560e-11
1.420440e-09 1.321520e-06 4.944020e-11
1.448850e-09 1.347950e-06 5.096970e-11
1.477830e-09 1.374910e-06 5.254530e-11
1.507380e-09 1.402410e-06 5.416830e-11
1.537530e-09 1.430460e-06 5.584020e-11
1.568280e-09 1.459070e-06 5.756240e-11
1.599650e-09 1.488250e-06 5.933630e-11
1.631640e-09 1.518020e-06 6.116350e-11
1.664270e-09 1.548380e-06 6.304550e-11
1.697560e-09 1.579350e-06 6.498390e-11
1.731510e-09 1.610940e-06 6.698030e-11
1.766140e-09 1.643160e-06 6.903650e-11
1.801460e-09 1.676020e-06 7.115420e-11
1.837490e-09 1.709550e-06 7.333510e-11
1.874240e-09 1.743740e-06 7.558120e-11
1.911730e-09 1.778610e-06 7.789420e-11
1.949960e-09 1.814190e-06 8.027620e-11
1.988960e-09 1.850470e-06 8.272920e-11
2.028740e-09 1.887480e-06 8.525510e-11
2.069310e-09 1.925240e-06 8.785600e-11
2.110700e-09 1.963740e-06 9.053430e-11
2.152910e-09 2.003020e-06 9.329210e-11
2.195970e-09 2.043080e-06 9.613160e-11
2.239890e-09 2.083940e-06 9.905530e-11
2.284690e-09 2.125630e-06 1.020660e-10
2.330380e-09 2.168140e-06 1.051650e-10
2.376990e-09 2.211510e-06 1.083560e-10
2.424530e-09 2.255740e-06 1.116410e-10
2.473020e-09 2.300850e-06 1.150230e-10
2.522480e-09 2.346870e-06 1.185050e-10
2.572930e-09 2.393810e-06 1.220900e-10
2.624390e-09 2.441690e-06 1.257800e-10
2.676880e-09 2.490530e-06 1.295780e-10
2.730420e-09 2.540340e-06 1.334890e-10
2.785020e-09 2.591150e-06 1.375140e-10
2.840720e-09 2.642980e-06 1.416570e-10
2.897540e-09 2.695840e-06 1.459220e-10
2.955490e-09 2.749760e-06 1.503120e-10
3.014600e-09 2.804760e-06 1.548300e-10
3.074890e-09 2.860860e-06 1.594800e-10
3.136390e-09 2.918080e-06 1.642670e-10
3.199120e-09 2.976440e-06 1.691930e-10
3.263100e-09 3.035970e-06 1.742630e-10
3.328360e-09 3.096700e-06 1.794810e-10
3.394930e-09 3.158630e-06 1.848510e-10
3.462830e-09 3.221810e-06 1.903780e-10
3.532080e-09 3.286250e-06 1.960650e-10
3.602720e-09 3.351980e-06 2.019180e-10
3.674780e-09 3.419020e-06 2.079400e-10
3.748270e-09 3.487410e-06 2.141380e-10
3.823240e-09 3.557160e-06 2.205150e-10
3.899710e-09 3.628310e-06 2.270780e-10
3.977700e-09 3.700880e-06 2.338300e-10
4.057250e-09 3.774900e-06 2.407780e-10
4.138400e-09 3.850400e-06 2.479270e-10
4.221170e-09 3.927420e-06 2.552820e-10
4.305590e-09 4.005970e-06 2.628500e-10
4.391700e-09 4.086100e-06 2.706370e-10
4.479540e-09 4.167820e-06 2.786480e-10
4.569130e-09 4.251190e-06 2.868900e-10
4.660510e-09 4.336210e-06 2.953690e-10
4.753720e-09 4.422950e-06 3.040920e-10
4.848790e-09 4.511410e-06 3.130660e-10
4.945770e-09 4.601640e-06 3.222980e-10
5.044680e-09 4.693680e-06 3.317950e-10
5.145580e-09 4.787560e-06 3.415650e-10
5.248490e-09 4.883320e-06 3.516150e-10
5.353460e-09 4.981000e-06 3.619530e-10
5.460530e-09 5.080620e-06 3.725870e-10
5.569740e-09 5.182240e-06 3.835250e-10
5.681130e-09 5.285900e-06 3.947760e-10
5.794760e-09 5.391620e-06 4.063480e-10
5.910650e-09 5.499460e-06 4.182510e-10
6.028860e-09 5.609460e-06 4.304940e-10
6.149440e-09 5.721660e-06 4.430860e-10
6.272430e-09 5.836100e-06 4.560370e-10
6.397880e-09 5.952830e-06 4.693560e-10
6.525840e-09 6.071900e-06 4.830550e-10
6.656350e-09 6.193350e-06 4.971430e-10
6.789480e-09 6.317220e-06 5.116320e-10
6.925270e-09 6.443580e-06 5.265320e-10
7.063780e-09 6.572460e-06 5.418560e-10
7.205050e-09 6.703920e-06 5.576140e-10
7.349150e-09 6.838010e-06 5.738180e-10
7.496140e-09 6.974780e-06 5.904820e-10
7.646060e-09 7.114290e-06 6.076180e-10
7.798980e-09 7.256590e-06 6.252390e-10
7.954960e-09 7.401730e-06 6.433580e-10
8.114060e-09 7.549780e-06 6.619880e-10
8.276340e-09 7.700790e-06 6.811460e-10
8.441870e-09 7.854820e-06 7.008430e-10
8.610700e-09 8.011930e-06 7.210970e-10
8.782920e-09 8.172180e-06 7.419210e-10
8.958580e-09 8.335640e-06 7.633330e-10
9.137750e-09 8.502370e-06 7.853470e-10
9.320500e-09 8.672430e-06 8.079800e-10
9.506910e-09 8.845900e-06 8.312500e-10
9.697050e-09 9.022830e-06 8.551740e-10
9.890990e-09 9.203310e-06 8.797700e-10
1.008880e-08 9.387390e-06 9.050570e-10
1.029060e-08 9.575160e-06 9.310530e-10
1.049640e-08 9.766680e-06 9.577780e-10
1.070630e-08 9.962030e-06 9.852520e-10
1.092050e-08 1.016130e-05 1.013500e-09
1.113890e-08 1.036450e-05 1.042530e-09
1.136160e-08 1.057190e-05 1.072380e-09
1.158890e-08 1.078330e-05 1.103060e-09
1.182070e-08 1.099900e-05 1.134600e-09
1.205710e-08 1.121900e-05 1.167010e-09
1.229820e-08 1.144340e-05 1.200340e-09
1.254420e-08 1.167230e-05 1.234590e-09
1.279510e-08 1.190580e-05 1.269800e-09
1.305100e-08 1.214390e-05 1.305990e-09
1.331200e-08 1.238680e-05 1.343190e-09
1.357820e-08 1.263460e-05 1.381430e-09
1.384980e-08 1.288730e-05 1.420720e-09
1.412680e-08 1.314510e-05 1.461110e-09
1.440930e-08 1.340800e-05 1.502630e-09
1.469750e-08 1.367620e-05 1.545300e-09
1.499140e-08 1.394970e-05 1.589150e-09
1.529130e-08 1.422880e-05 1.634220e-09
1.559710e-08 1.451340e-05 1.680540e-09
1.590900e-08 1.480370e-05 1.728140e-09
1.622720e-08 1.509980e-05 1.777060e-09
1.655180e-08 1.540180e-05 1.827340e-09
1.688280e-08 1.570990e-05 1.879010e-09
1.722050e-08 1.602410e-05 1.932110e-09
1.756490e-08 1.634470e-05 1.986680e-09
1.791620e-08 1.667160e-05 2.042760e-09
1.827450e-08 1.700510e-05 2.100380e-09
1.864000e-08 1.734520e-05 2.159600e-09
1.901280e-08 1.769220e-05 2.220450e-09
1.939300e-08 1.804600e-05 2.282990e-09
1.978090e-08 1.840700e-05 2.347240e-09
2.017650e-08 1.877520e-05 2.413270e-09
2.058000e-08 1.915080e-05 2.481120e-09
2.099160e-08 1.953380e-05 2.550840e-09
2.141150e-08 1.992450e-05 2.622470e-09
2.183970e-08 2.032310e-05 2.696080e-09
2.227650e-08 2.072960e-05 2.771710e-09
2.272200e-08 2.114430e-05 2.849430e-09
2.317650e-08 2.156720e-05 2.929270e-09
2.364000e-08 2.199860e-05 3.011310e-09
2.411280e-08 2.243860e-05 3.095610e-09
2.459510e-08 2.288750e-05 3.182220e-09
2.508700e-08 2.334530e-05 3.271200e-09
2.558870e-08 2.381230e-05 3.362620e-09
2.610050e-08 2.428860e-05 3.456560e-09
2.662250e-08 2.477440e-05 3.553060e-09
2.715490e-08 2.527000e-05 3.652210e-09
2.769800e-08 2.577540e-05 3.754070e-09
2.825200e-08 2.629100e-05 3.858720e-09
2.881700e-08 2.681690e-05 3.966230e-09
2.939340e-08 2.735330e-05 4.076690e-09
2.998120e-08 2.790050e-05 4.190160e-09
3.058090e-08 2.845860e-05 4.306730e-09
3.119250e-08 2.902790e-05 4.426490e-09
3.181630e-08 2.960850e-05 4.549520e-09
3.245260e-08 3.020080e-05 4.675910e-09
3.310170e-08 3.080490e-05 4.805740e-09
3.376370e-08 3.142110e-05 4.939120e-09
3.443900e-08 3.204960e-05 5.076130e-09
3.512780e-08 3.269070e-05 5.216880e-09
3.583030e-08 3.334460e-05 5.361460e-09
3.654700e-08 3.401160e-05 5.509970e-09
3.727790e-08 3.469190e-05 5.662540e-09
3.802350e-08 3.538590e-05 5.819250e-09
3.878390e-08 3.609370e-05 5.980220e-09
3.955960e-08 3.681570e-05 6.145580e-09
4.035080e-08 3.755220e-05 6.315430e-09
4.115780e-08 3.830330e-05 6.489890e-09
4.198100e-08 3.906950e-05 6.669100e-09
4.282060e-08 3.985110e-05 6.853170e-09
4.367700e-08 4.064820e-05 7.042240e-09
4.455050e-08 4.146130e-05 7.236440e-09
4.544150e-08 4.229070e-05 7.435910e-09
4.635040e-08 4.313670e-05 7.640790e-09
4.727740e-08 4.399960e-05 7.851220e-09
4.822290e-08 4.487970e-05 8.067360e-09
4.918740e-08 4.577750e-05 8.289350e-09
5.017110e-08 4.669320e-05 8.517350e-09
5.117460e-08 4.762720e-05 8.751530e-09
5.219800e-08 4.857990e-05 8.992050e-09
5.324200e-08 4.955170e-05 9.239080e-09
5.430690e-08 5.054290e-05 9.492790e-09
5.539300e-08 5.155400e-05 9.753360e-09
5.650080e-08 5.258530e-05 1.002100e-08
5.763090e-08 5.363720e-05 1.029580e-08
5.878350e-08 5.471010e-05 1.057810e-08
5.995920e-08 5.580460e-05 1.086800e-08
6.115830e-08 5.692090e-05 1.116570e-08
6.238150e-08 5.805950e-05 1.147150e-08
6.362910e-08 5.922090e-05 1.178550e-08
6.490170e-08 6.040560e-05 1.210800e-08
6.619970e-08 6.161390e-05 1.243910e-08
6.752370e-08 6.284650e-05 1.277930e-08
6.887420e-08 6.410370e-05 1.312850e-08
7.025170e-08 6.538600e-05 1.348720e-08
7.165670e-08 6.669400e-05 1.385560e-08
7.308990e-08 6.802820e-05 1.423390e-08
7.455170e-08 6.938900e-05 1.462230e-08
7.604270e-08 7.077710e-05 1.502120e-08
7.756360e-08 7.219290e-05 1.543090e-08
7.911480e-08 7.363710e-05 1.585150e-08
8.069710e-08 7.511020e-05 1.628350e-08
8.231110e-08 7.661270e-05 1.672710e-08
8.395730e-08 7.814530e-05 1.718260e-08
8.563640e-08 7.970850e-05 1.765040e-08
8.734920e-08 8.130310e-05 1.813070e-08
8.909610e-08 8.292950e-05 1.862390e-08
9.087810e-08 8.458850e-05 1.913040e-08
9.269560e-08 8.628060e-05 1.965050e-08
9.454950e-08 8.800660e-05 2.018450e-08
9.644050e-08 8.976720e-05 2.073290e-08
9.836930e-08 9.156290e-05 2.129590e-08
1.003370e-07 9.339460e-05 2.187410e-08
1.023430e-07 9.526300e-05 2.246770e-08
1.043900e-07 9.716870e-05 2.307730e-08
1.064780e-07 9.911250e-05 2.370320e-08
1.086080e-07 1.010950e-04 2.434590e-08
1.107800e-07 1.031180e-04 2.500580e-08
1.129950e-07 1.051810e-04 2.568330e-08
1.152550e-07 1.072850e-04 2.637900e-08
1.175600e-07 1.094310e-04 2.709330e-08
1.199120e-07 1.116200e-04 2.782670e-08
1.223100e-07 1.138530e-04 2.857980e-08
1.247560e-07 1.161310e-04 2.935290e-08
1.272510e-07 1.184540e-04 3.014680e-08
1.297960e-07 1.208240e-04 3.096190e-08
1.323920e-07 1.232410e-04 3.179870e-08
1.350400e-07 1.257060e-04 3.265790e-08
1.377410e-07 1.282210e-04 3.354010e-08
1.404960e-07 1.307860e-04 3.444580e-08
1.433060e-07 1.334020e-04 3.537570e-08
1.461720e-07 1.360710e-04 3.633040e-08
1.490950e-07 1.387930e-04 3.731060e-08
1.520770e-07 1.415700e-04 3.831700e-08
1.551190e-07 1.444020e-04 3.935020e-08
1.582210e-07 1.472910e-04 4.041100e-08
1.613850e-07 1.502380e-04 4.150000e-08
1.646130e-07 1.532430e-04 4.261810e-08
1.679050e-07 1.563090e-04 4.376590e-08
1.712630e-07 1.594360e-04 4.494440e-08
1.746890e-07 1.626260e-04 4.615420e-08
1.781820e-07 1.658790e-04 4.739630e-08
1.817460e-07 1.691980e-04 4.867140e-08
1.853810e-07 1.725830e-04 4.998050e-08
1.890890e-07 1.760350e-04 5.132440e-08
1.928700e-07 1.795570e-04 5.270410e-08
1.967280e-07 1.831490e-04 5.412050e-08
2.006620e-07 1.868130e-04 5.557450e-08
2.046760e-07 1.905510e-04 5.706730e-08
2.087690e-07 1.943630e-04 5.859970e-08
2.129450e-07 1.982510e-04 6.017280e-08
2.172030e-07 2.022170e-04 6.178780e-08
2.215470e-07 2.062630e-04 6.344560e-08
2.259780e-07 2.103900e-04 6.514750e-08
2.304980e-07 2.145990e-04 6.689460e-08
2.351080e-07 2.188920e-04 6.868810e-08
2.398100e-07 2.232710e-04 7.052910e-08
2.446060e-07 2.277380e-04 7.241910e-08
2.494980e-07 2.322940e-04 7.435920e-08
2.544880e-07 2.369420e-04 7.635080e-08
2.595780e-07 2.416820e-04 7.839520e-08
2.647700e-07 2.465170e-04 8.049380e-08
2.700650e-07 2.514490e-04 8.264800e-08
2.754660e-07 2.564800e-04 8.485930e-08
2.809760e-07 2.616110e-04 8.712930e-08
2.865950e-07 2.668450e-04 8.945940e-08
2.923270e-07 2.721840e-04 9.185120e-08
2.981740e-07 2.776300e-04 9.430640e-08
3.041370e-07 2.831840e-04 9.682660e-08
3.102200e-07 2.888500e-04 9.941350e-08
3.164240e-07 2.946290e-04 1.020690e-07
3.227530e-07 3.005230e-04 1.047940e-07
3.292080e-07 3.065360e-04 1.075920e-07
3.357920e-07 3.126690e-04 1.104640e-07
3.425080e-07 3.189250e-04 1.134120e-07
3.493580e-07 3.253050e-04 1.164370e-07
3.563450e-07 3.318140e-04 1.195430e-07
3.634720e-07 3.384530e-04 1.227310e-07
3.707420e-07 3.452240e-04 1.260030e-07
3.781560e-07 3.521310e-04 1.293610e-07
3.857200e-07 3.591760e-04 1.328080e-07
3.934340e-07 3.663630e-04 1.363460e-07
4.013030e-07 3.736930e-04 1.399780e-07
4.093290e-07 3.811690e-04 1.437050e-07
4.175150e-07 3.887960e-04 1.475310e-07
4.258660e-07 3.965740e-04 1.514580e-07
4.343830e-07 4.045090e-04 1.554880e-07
4.430700e-07 4.126020e-04 1.596250e-07
4.519320e-07 4.208580e-04 1.638700e-07
4.609710e-07 4.292780e-04 1.682280e-07
4.701900e-07 4.378670e-04 1.727010e-07
4.795940e-07 4.466280e-04 1.772910e-07
4.891860e-07 4.555640e-04 1.820020e-07
4.989690e-07 4.646790e-04 1.868380e-07
5.089490e-07 4.739760e-04 1.918010e-07
5.191280e-07 4.834600e-04 1.968940e-07
5.295100e-07 4.931330e-04 2.021220e-07
5.401000e-07 5.030000e-04 2.074870e-07
5.509020e-07 5.130640e-04 2.129930e-07
5.619210e-07 5.233300e-04 2.186450e-07
5.731590e-07 5.338010e-04 2.244440e-07
5.846220e-07 5.444810e-04 2.303970e-07
5.963150e-07 5.553750e-04 2.365060e-07
6.082410e-07 5.664880e-04 2.427750e-07
6.204060e-07 5.778220e-04 2.492100e-07
6.328140e-07 5.893840e-04 2.558130e-07
6.454700e-07 6.011770e-04 2.625900e-07
6.583790e-07 6.132060e-04 2.695450e-07
6.715470e-07 6.254750e-04 2.766830e-07
6.849780e-07 6.379900e-04 2.840070e-07
6.986780e-07 6.507560e-04 2.915250e-07
7.126510e-07 6.637770e-04 2.992390e-07
7.269040e-07 6.770580e-04 3.071560e-07
7.414420e-07 6.906060e-04 3.152810e-07
7.562710e-07 7.044240e-04 3.236190e-07
7.713960e-07 7.185190e-04 3.321750e-07
7.868240e-07 7.328970e-04 3.409560e-07
8.025610e-07 7.475610e-04 3.499660e-07
8.186120e-07 7.625200e-04 3.592130e-07
8.349840e-07 7.777770e-04 3.687020e-07
8.516840e-07 7.933400e-04 3.784400e-07
8.687180e-07 8.092150e-04 3.884330e-07
8.860920e-07 8.254070e-04 3.986870e-07
9.038140e-07 8.419230e-04 4.092100e-07
9.218900e-07 8.587700e-04 4.200080e-07
9.403280e-07 8.759540e-04 4.310890e-07
9.591350e-07 8.934820e-04 4.424600e-07
9.783170e-07 9.113600e-04 4.541280e-07
9.978840e-07 9.295970e-04 4.661010e-07
1.017840e-06 9.481980e-04 4.783870e-07
1.038200e-06 9.671720e-04 4.909940e-07
1.058960e-06 9.865250e-04 5.039310e-07
1.080140e-06 1.006270e-03 5.172050e-07
1.101740e-06 1.026400e-03 5.308260e-07
1.123780e-06 1.046940e-03 5.448030e-07
1.146250e-06 1.067890e-03 5.591450e-07
1.169180e-06 1.089260e-03 5.738610e-07
1.192560e-06 1.111060e-03 5.889610e-07
1.216410e-06 1.133290e-03 6.044560e-07
1.240740e-06 1.155970e-03 6.203540e-07
1.265560e-06 1.179100e-03 6.366660e-07
1.290870e-06 1.202690e-03 6.534040e-07
1.316690e-06 1.226760e-03 6.705790e-07
1.343020e-06 1.251310e-03 6.882010e-07
1.369880e-06 1.276350e-03 7.062810e-07
1.397280e-06 1.301890e-03 7.248330e-07
1.425220e-06 1.327940e-03 7.438680e-07
1.453730e-06 1.354520e-03 7.633980e-07
1.482800e-06 1.381620e-03 7.834370e-07
1.512460e-06 1.409270e-03 8.039970e-07
1.542710e-06 1.437470e-03 8.250920e-07
1.573560e-06 1.466240e-03 8.467360e-07
1.605030e-06 1.495580e-03 8.689420e-07
1.637130e-06 1.525510e-03 8.917260e-07
1.669880e-06 1.556040e-03 9.151010e-07
1.703270e-06 1.587180e-03 9.390840e-07
1.737340e-06 1.618940e-03 9.636900e-07
1.772090e-06 1.651340e-03 9.889350e-07
1.807530e-06 1.684390e-03 1.014840e-06
1.843680e-06 1.718090e-03 1.041410e-06
1.880550e-06 1.752480e-03 1.068670e-06
1.918160e-06 1.787550e-03 1.096640e-06
1.956530e-06 1.823320e-03 1.125330e-06
1.995660e-06 1.859810e-03 1.154770e-06
2.035570e-06 1.897030e-03 1.184970e-06
2.076280e-06 1.935000e-03 1.215960e-06
2.117810e-06 1.973720e-03 1.247750e-06
2.160160e-06 2.013220e-03 1.280360e-06
2.203370e-06 2.053510e-03 1.313810e-06
2.247430e-06 2.094610e-03 1.348130e-06
2.292380e-06 2.136530e-03 1.383340e-06
2.338230e-06 2.179290e-03 1.419460e-06
2.384990e-06 2.222900e-03 1.456520e-06
2.432690e-06 2.267390e-03 1.494530e-06
2.481350e-06 2.312770e-03 1.533530e-06
2.530980e-06 2.359050e-03 1.573530e-06
2.581600e-06 2.406260e-03 1.614570e-06
2.633230e-06 2.454420e-03 1.656660e-06
2.685890e-06 2.503540e-03 1.699850e-06
2.739610e-06 2.553650e-03 1.744150e-06
2.794400e-06 2.604760e-03 1.789590e-06
2.850290e-06 2.656890e-03 1.836200e-06
2.907300e-06 2.710060e-03 1.884020e-06
2.965440e-06 2.764300e-03 1.933070e-06
3.024750e-06 2.819630e-03 1.983380e-06
3.085250e-06 2.876060e-03 2.035000e-06
3.146950e-06 2.933620e-03 2.087940e-06
3.209890e-06 2.992340e-03 2.142240e-06
3.274090e-06 3.052230e-03 2.197940e-06
3.339570e-06 3.113320e-03 2.255080e-06
3.406360e-06 3.175630e-03 2.313690e-06
3.474490e-06 3.239190e-03 2.373800e-06
3.543980e-06 3.304020e-03 2.435460e-06
3.614860e-06 3.370150e-03 2.498700e-06
3.687150e-06 3.437610e-03 2.563570e-06
3.760900e-06 3.506410e-03 2.630110e-06
3.836110e-06 3.576590e-03 2.698360e-06
3.912840e-06 3.648180e-03 2.768360e-06
3.991090e-06 3.721200e-03 2.840150e-06
4.070920e-06 3.795680e-03 2.913790e-06
4.152330e-06 3.871650e-03 2.989310e-06
4.235380e-06 3.949140e-03 3.066780e-06
4.320090e-06 4.028190e-03 3.146230e-06
4.406490e-06 4.108820e-03 3.227710e-06
4.494620e-06 4.191060e-03 3.311280e-06
4.584510e-06 4.274950e-03 3.396990e-06
4.676200e-06 4.360520e-03 3.484900e-06
4.769730e-06 4.447800e-03 3.575060e-06
4.865120e-06 4.536820e-03 3.667520e-06
4.962420e-06 4.627640e-03 3.762340e-06
5.061670e-06 4.720260e-03 3.859600e-06
5.162900e-06 4.814750e-03 3.959330e-06
5.266160e-06 4.911120e-03 4.061620e-06
5.371490e-06 5.009430e-03 4.166510e-06
5.478920e-06 5.109700e-03 4.274090e-06
5.588490e-06 5.211980e-03 4.384410e-06
5.700260e-06 5.316310e-03 4.497540e-06
5.814270e-06 5.422730e-03 4.613560e-06
5.930550e-06 5.531270e-03 4.732540e-06
6.049170e-06 5.642000e-03 4.854550e-06
6.170150e-06 5.754930e-03 4.979660e-06
6.293550e-06 5.870130e-03 5.107960e-06
6.419420e-06 5.987640e-03 5.239530e-06
6.547810e-06 6.107500e-03 5.374450e-06
6.678770e-06 6.229760e-03 5.512790e-06
6.812340e-06 6.354460e-03 5.654660e-06
6.948590e-06 6.481670e-03 5.800130e-06
7.087560e-06 6.611420e-03 5.949290e-06
7.229310e-06 6.743770e-03 6.102250e-06
7.373900e-06 6.878770e-03 6.259080e-06
7.521380e-06 7.016470e-03 6.419900e-06
7.671810e-06 7.156930e-03 6.584800e-06
7.825240e-06 7.300200e-03 6.753870e-06
7.981750e-06 7.446340e-03 6.927230e-06
8.141380e-06 7.595410e-03 7.104990e-06
8.304210e-06 7.747460e-03 7.287240e-06
8.470290e-06 7.902560e-03 7.474110e-06
8.639700e-06 8.060760e-03 7.665700e-06
8.812490e-06 8.222130e-03 7.862140e-06
8.988740e-06 8.386730e-03 8.063550e-06
9.168520e-06 8.554630e-03 8.270050e-06
9.351890e-06 8.725890e-03 8.481760e-06
9.538930e-06 8.900580e-03 8.698820e-06
9.729700e-06 9.078770e-03 8.921350e-06
9.924300e-06 9.260520e-03 9.149500e-06
1.012280e-05 9.445920e-03 9.383400e-06
1.032520e-05 9.635030e-03 9.623200e-06
1.053170e-05 9.827920e-03 9.869040e-06
1.074240e-05 1.002470e-02 1.012110e-05
1.095720e-05 1.022540e-02 1.037940e-05
1.117640e-05 1.043010e-02 1.064430e-05
1.139990e-05 1.063890e-02 1.091580e-05
1.162790e-05 1.085190e-02 1.119420e-05
1.186050e-05 1.106920e-02 1.147950e-05
1.209770e-05 1.129080e-02 1.177210e-05
1.233960e-05 1.151690e-02 1.207190e-05
1.258640e-05 1.174740e-02 1.237930e-05
1.283810e-05 1.198260e-02 1.269440e-05
1.309490e-05 1.222250e-02 1.301730e-05
1.335680e-05 1.246730e-02 1.334840e-05
1.362390e-05 1.271690e-02 1.368780e-05
1.389640e-05 1.297150e-02 1.403560e-05
1.417430e-05 1.323120e-02 1.439220e-05
1.445780e-05 1.349610e-02 1.475760e-05
1.474700e-05 1.376630e-02 1.513220e-05
1.504190e-05 1.404200e-02 1.551620e-05
1.534280e-05 1.432310e-02 1.590970e-05
1.564960e-05 1.460990e-02 1.631310e-05
1.596260e-05 1.490240e-02 1.672650e-05
1.628190e-05 1.520080e-02 1.715020e-05
1.660750e-05 1.550520e-02 1.758440e-05
1.693960e-05 1.581560e-02 1.802950e-05
1.727840e-05 1.613230e-02 1.848560e-05
1.762400e-05 1.645530e-02 1.895310e-05
1.797650e-05 1.678480e-02 1.943220e-05
1.833600e-05 1.712090e-02 1.992320e-05
1.870270e-05 1.746370e-02 2.042640e-05
1.907680e-05 1.781340e-02 2.094210e-05
1.945830e-05 1.817010e-02 2.147060e-05
1.984750e-05 1.853400e-02 2.201210e-05
2.024440e-05 1.890510e-02 2.256710e-05
2.064930e-05 1.928370e-02 2.313580e-05
2.106230e-05 1.966980e-02 2.371860e-05
2.148360e-05 2.006370e-02 2.431580e-05
2.191320e-05 2.046540e-02 2.492770e-05
2.235150e-05 2.087520e-02 2.555480e-05
2.279850e-05 2.129330e-02 2.619730e-05
2.325450e-05 2.171970e-02 2.685570e-05
2.371960e-05 2.215460e-02 2.753030e-05
2.419400e-05 2.259830e-02 2.822150e-05
2.467790e-05 2.305080e-02 2.892970e-05
2.517140e-05 2.351240e-02 2.965540e-05
2.567490e-05 2.398320e-02 3.039890e-05
2.618840e-05 2.446350e-02 3.116060e-05
2.671210e-05 2.495340e-02 3.194110e-05
2.724640e-05 2.545310e-02 3.274080e-05
2.779130e-05 2.596290e-02 3.356000e-05
2.834710e-05 2.648280e-02 3.439930e-05
2.891410e-05 2.701320e-02 3.525920e-05
2.949230e-05 2.755410e-02 3.614010e-05
3.008220e-05 2.810590e-02 3.704250e-05
3.068380e-05 2.866880e-02 3.796710e-05
3.129750e-05 2.924300e-02 3.891420e-05
3.192350e-05 2.982860e-02 3.988440e-05
3.256190e-05 3.042600e-02 4.087820e-05
3.321320e-05 3.103530e-02 4.189630e-05
3.387740e-05 3.165690e-02 4.293920e-05
3.455500e-05 3.229090e-02 4.400750e-05
3.524610e-05 3.293760e-02 4.510180e-05
3.595100e-05 3.359730e-02 4.622260e-05
3.667000e-05 3.427010e-02 4.737070e-05
3.740340e-05 3.495650e-02 4.854670e-05
3.815150e-05 3.565660e-02 4.975110e-05
3.891450e-05 3.637080e-02 5.098480e-05
3.969280e-05 3.709920e-02 5.224830e-05
4.048670e-05 3.784230e-02 5.354240e-05
4.129640e-05 3.860020e-02 5.486780e-05
4.212230e-05 3.937330e-02 5.622520e-05
4.296480e-05 4.016190e-02 5.761540e-05
4.382410e-05 4.096630e-02 5.903910e-05
4.470050e-05 4.178680e-02 6.049710e-05
4.559460e-05 4.262380e-02 6.199030e-05
4.650650e-05 4.347750e-02 6.351930e-05
4.743660e-05 4.434840e-02 6.508520e-05
4.838530e-05 4.523660e-02 6.668870e-05
4.935300e-05 4.614270e-02 6.833060e-05
5.034010e-05 4.706700e-02 7.001200e-05
5.134690e-05 4.800970e-02 7.173370e-05
5.237380e-05 4.897140e-02 7.349660e-05
5.342130e-05 4.995230e-02 7.530170e-05
5.448970e-05 5.095290e-02 7.714990e-05
5.557950e-05 5.197350e-02 7.904230e-05
5.669110e-05 5.301450e-02 8.097990e-05
5.782490e-05 5.407650e-02 8.296370e-05
5.898140e-05 5.515970e-02 8.499470e-05
6.016110e-05 5.626460e-02 8.707410e-05
6.136430e-05 5.739160e-02 8.920300e-05
6.259160e-05 5.854130e-02 9.138250e-05
6.384340e-05 5.971400e-02 9.361370e-05
6.512030e-05 6.091010e-02 9.589790e-05
6.642270e-05 6.213030e-02 9.823620e-05
6.775110e-05 6.337490e-02 1.006300e-04
6.910610e-05 6.464440e-02 1.030800e-04
7.048830e-05 6.593940e-02 1.055890e-04
7.189800e-05 6.726030e-02 1.081560e-04
7.333600e-05 6.860770e-02 1.107840e-04
7.480270e-05 6.998210e-02 1.134740e-04
7.629880e-05 7.138400e-02 1.162280e-04
7.782470e-05 7.281410e-02 1.190460e-04
7.938120e-05 7.427280e-02 1.219300e-04
8.096890e-05 7.576070e-02 1.248830e-04
8.258820e-05 7.727840e-02 1.279040e-04
8.424000e-05 7.882660e-02 1.309970e-04
8.592480e-05 8.040580e-02 1.341620e-04
8.764330e-05 8.201660e-02 1.374000e-04
8.939620e-05 8.365970e-02 1.407150e-04
9.118410e-05 8.533580e-02 1.441070e-04
9.300780e-05 8.704540e-02 1.475780e-04
9.486790e-05 8.878930e-02 1.511300e-04
9.676530e-05 9.056810e-02 1.547650e-04
9.870060e-05 9.238260e-02 1.584850e-04
1.006750e-04 9.423350e-02 1.622900e-04
1.026880e-04 9.612140e-02 1.661850e-04
1.047420e-04 9.804720e-02 1.701690e-04
1.068370e-04 1.000120e-01 1.742460e-04
1.089730e-04 1.020150e-01 1.784170e-04
1.111530e-04 1.040590e-01 1.826850e-04
1.133760e-04 1.061440e-01 1.870510e-04
1.156430e-04 1.082710e-01 1.915180e-04
1.179560e-04 1.104400e-01 1.960890e-04
1.203150e-04 1.126530e-01 2.007640e-04
1.227220e-04 1.149100e-01 2.055470e-04
1.251760e-04 1.172120e-01 2.104400e-04
1.276800e-04 1.195610e-01 2.154450e-04
1.302330e-04 1.219560e-01 2.205650e-04
1.328380e-04 1.244000e-01 2.258030e-04
1.354950e-04 1.268930e-01 2.311600e-04
1.382050e-04 1.294350e-01 2.366400e-04
1.409690e-04 1.320290e-01 2.422450e-04
1.437880e-04 1.346740e-01 2.479780e-04
1.466640e-04 1.373730e-01 2.538420e-04
1.495970e-04 1.401250e-01 2.598390e-04
1.525890e-04 1.429330e-01 2.659730e-04
1.556410e-04 1.457970e-01 2.722460e-04
1.587540e-04 1.487180e-01 2.786620e-04
1.619290e-04 1.516980e-01 2.852230e-04
1.651670e-04 1.547380e-01 2.919320e-04
1.684710e-04 1.578390e-01 2.987940e-04
1.718400e-04 1.610020e-01 3.058110e-04
1.752770e-04 1.642280e-01 3.129860e-04
1.787820e-04 1.675190e-01 3.203230e-04
1.823580e-04 1.708760e-01 3.278250e-04
1.860050e-04 1.743000e-01 3.354970e-04
1.897250e-04 1.777930e-01 3.433410e-04
1.935200e-04 1.813550e-01 3.513610e-04
1.973900e-04 1.849900e-01 3.595610e-04
2.013380e-04 1.886970e-01 3.679450e-04
2.053650e-04 1.924780e-01 3.765170e-04
2.094720e-04 1.963350e-01 3.852810e-04
2.136620e-04 2.002700e-01 3.942400e-04
2.179350e-04 2.042830e-01 4.034000e-04
2.222930e-04 2.083770e-01 4.127630e-04
2.267390e-04 2.125530e-01 4.223360e-04
2.312740e-04 2.168120e-01 4.321220e-04
2.359000e-04 2.211570e-01 4.421250e-04
2.406180e-04 2.255900e-01 4.523500e-04
2.454300e-04 2.301100e-01 4.628020e-04
2.503390e-04 2.347220e-01 4.734860e-04
2.553450e-04 2.394260e-01 4.844070e-04
2.604520e-04 2.442240e-01 4.833170e-04
3.604520e-04 3.381980e-01 5.766590e-04
4.604520e-04 4.321940e-01 6.505600e-04
5.604520e-04 5.262060e-01 7.265710e-04
6.604520e-04 6.202320e-01 8.063580e-04
7.604520e-04 7.142700e-01 8.903430e-04
8.604520e-04 8.083200e-01 9.785310e-04
9.604520e-04 9.023800e-01 1.070880e-03
1.060450e-03 9.964500e-01 1.167270e-03
1.160450e-03 1.090530e+00 1.267580e-03
1.260450e-03 1.184620e+00 1.371700e-03
1.360450e-03 1.278710e+00 1.479490e-03
1.460450e-03 1.372820e+00 1.590860e-03
1.560450e-03 1.466930e+00 1.705700e-03
1.660450e-03 1.561050e+00 1.823910e-03
1.760450e-03 1.655180e+00 1.945410e-03
1.860450e-03 1.749310e+00 2.070110e-03
1.960450e-03 1.843450e+00 2.197940e-03
2.060450e-03 1.937600e+00 2.328820e-03
2.160450e-03 2.031750e+00 2.462690e-03
2.260450e-03 2.125910e+00 2.599480e-03
2.360450e-03 2.220080e+00 2.739150e-03
2.460450e-03 2.314250e+00 2.881630e-03
2.560450e-03 2.408430e+00 3.026880e-03
2.660450e-03 2.502610e+00 3.174850e-03
2.760450e-03 2.596800e+00 3.325490e-03
2.860450e-03 2.691000e+00 3.478770e-03
2.960450e-03 2.785200e+00 3.634650e-03
3.060450e-03 2.879400e+00 3.793080e-03
3.160450e-03 2.973610e+00 3.954030e-03
3.260450e-03 3.067830e+00 4.117480e-03
3.360450e-03 3.162050e+00 4.283390e-03
3.460450e-03 3.256280e+00 4.451730e-03
3.560450e-03 3.350510e+00 4.622470e-03
3.660450e-03 3.444740e+00 4.795590e-03
3.760450e-03 3.538980e+00 4.971070e-03
3.860450e-03 3.633230e+00 5.148870e-03
3.960450e-03 3.727480e+00 5.328970e-03
4.060450e-03 3.821730e+00 5.511360e-03
4.160450e-03 3.915990e+00 5.696010e-03
4.260450e-03 4.010250e+00 5.882900e-03
4.360450e-03 4.104520e+00 6.072010e-03
4.460450e-03 4.198790e+00 6.263320e-03
4.560450e-03 4.293070e+00 6.456820e-03
4.660450e-03 4.387350e+00 6.652490e-03
4.760450e-03 4.481640e+00 6.850310e-03
4.860450e-03 4.575930e+00 7.050270e-03
4.960450e-03 4.670220e+00 7.252350e-03
5.060450e-03 4.764520e+00 7.456530e-03
5.160450e-03 4.858820e+00 7.662800e-03
5.260450e-03 4.953120e+00 7.871140e-03
5.360450e-03 5.047430e+00 8.081550e-03
5.460450e-03 5.141750e+00 8.294000e-03
5.560450e-03 5.236060e+00 8.508490e-03
5.660450e-03 5.330380e+00 8.725000e-03
5.760450e-03 5.424710e+00 8.943520e-03
5.860450e-03 5.519040e+00 9.164030e-03
5.960450e-03 5.613370e+00 9.386530e-03
6.060450e-03 5.707710e+00 9.611000e-03
6.160450e-03 5.802050e+00 9.837430e-03
6.260450e-03 5.896390e+00 1.006580e-02
6.360450e-03 5.990740e+00 1.029610e-02
6.460450e-03 6.085090e+00 1.052840e-02
6.560450e-03 6.179440e+00 1.076250e-02
6.660450e-03 6.273800e+00 1.099860e-02
6.760450e-03 6.368160e+00 1.123660e-02
6.860450e-03 6.462530e+00 1.147640e-02
6.960450e-03 6.556900e+00 1.171810e-02
7.060450e-03 6.651270e+00 1.196170e-02
7.160450e-03 6.745640e+00 1.220710e-02
7.260450e-03 6.840020e+00 1.245440e-02
7.360450e-03 6.934410e+00 1.270350e-02
7.460450e-03 7.028790e+00 1.295440e-02
7.560450e-03 7.123180e+00 1.320710e-02
7.660450e-03 7.217570e+00 1.346160e-02
7.760450e-03 7.311970e+00 1.371800e-02
7.860450e-03 7.406370e+00 1.397600e-02
7.960450e-03 7.500770e+00 1.423590e-02
8.060450e-03 7.595180e+00 1.449750e-02
8.160450e-03 7.689590e+00 1.476090e-02
8.260450e-03 7.784000e+00 1.502600e-02
8.360450e-03 7.878420e+00 1.529290e-02
8.460450e-03 7.972830e+00 1.556150e-02
8.560450e-03 8.067260e+00 1.583170e-02
8.660450e-03 8.161680e+00 1.610370e-02
8.760450e-03 8.256110e+00 1.637740e-02
8.860450e-03 8.350540e+00 1.665270e-02
8.960450e-03 8.444980e+00 1.692980e-02
9.060450e-03 8.539410e+00 1.720850e-02
9.160450e-03 8.633850e+00 1.748880e-02
9.260450e-03 8.728300e+00 1.777080e-02
9.360450e-03 8.822740e+00 1.805440e-02
9.460450e-03 8.917190e+00 1.833960e-02
9.560450e-03 9.011650e+00 1.862650e-02
9.660450e-03 9.106100e+00 1.891490e-02
9.760450e-03 9.200560e+00 1.920500e-02
9.860450e-03 9.295020e+00 1.949660e-02
9.960450e-03 9.389490e+00 1.978980e-02
1.006050e-02 9.483960e+00 2.008460e-02
1.016050e-02 9.578430e+00 2.038090e-02
1.026050e-02 9.672900e+00 2.067880e-02
1.036050e-02 9.767380e+00 2.097820e-02
1.046050e-02 9.861860e+00 2.127910e-02
1.056050e-02 9.956340e+00 2.158150e-02
1.060514e-02 9.998756e+00 2.309743e-02
1.079765e-01 1.025605e+02 5.923006e-01
1.452456e-01 1.383396e+02 1.917305e+00
1.709767e-01 1.633144e+02 3.555427e+00
1.921451e-01 1.840808e+02 5.433185e+00
2.106550e-01 2.024309e+02 7.514796e+00
2.273807e-01 2.191854e+02 9.777796e+00
2.428214e-01 2.348123e+02 1.220655e+01
2.572973e-01 2.496124e+02 1.478954e+01
2.710286e-01 2.637933e+02 1.751802e+01
2.841753e-01 2.775061e+02 2.038516e+01
2.968562e-01 2.908642e+02 2.338556e+01
3.091636e-01 3.039560e+02 2.651492e+01
3.211700e-01 3.168517e+02 2.976976e+01
3.329336e-01 3.296081e+02 3.314730e+01
3.445020e-01 3.422722e+02 3.664526e+01
3.559144e-01 3.548835e+02 4.026185e+01
3.672036e-01 3.674753e+02 4.399563e+01
3.783975e-01 3.800764e+02 4.784547e+01
3.895199e-01 3.927118e+02 5.181053e+01
4.005912e-01 4.054036e+02 5.589015e+01
4.116293e-01 4.181712e+02 6.008393e+01
4.226496e-01 4.310322e+02 6.439158e+01
4.336659e-01 4.440023e+02 6.881300e+01
4.446904e-01 4.570958e+02 7.334822e+01
4.557338e-01 4.703259e+02 7.799738e+01
4.668060e-01 4.837046e+02 8.276071e+01
4.779155e-01 4.972434e+02 8.763857e+01
4.890705e-01 5.109527e+02 9.263138e+01
5.002780e-01 5.248423e+02 9.773965e+01
5.115447e-01 5.389216e+02 1.029640e+02
5.228766e-01 5.531994e+02 1.083049e+02
5.342792e-01 5.676842e+02 1.137633e+02
5.457578e-01 5.823838e+02 1.193398e+02
5.573170e-01 5.973062e+02 1.250353e+02
5.689614e-01 6.124588e+02 1.308505e+02
5.806951e-01 6.278486e+02 1.367865e+02
5.925219e-01 6.434829e+02 1.428441e+02
6.044455e-01 6.593682e+02 1.490243e+02
6.164695e-01 6.755113e+02 1.553282e+02
6.285970e-01 6.919187e+02 1.617568e+02
6.408311e-01 7.085967e+02 1.683111e+02
6.531748e-01 7.255516e+02 1.749924e+02
6.656309e-01 7.427894e+02 1.818017e+02
6.782020e-01 7.603163e+02 1.887403e+02
6.908907e-01 7.781382e+02 1.958092e+02
7.036995e-01 7.962609e+02 2.030098e+02
7.166308e-01 8.146905e+02 2.103433e+02
7.296867e-01 8.334326e+02 2.178110e+02
7.428695e-01 8.524930e+02 2.254142e+02
7.561814e-01 8.718773e+02 2.331541e+02
7.696243e-01 8.915914e+02 2.410322e+02
7.832003e-01 9.116408e+02 2.490498e+02
7.969112e-01 9.320312e+02 2.572083e+02
8.107591e-01 9.527681e+02 2.655091e+02
8.247456e-01 9.738572e+02 2.739536e+02
8.388727e-01 9.953040e+02 2.825433e+02
8.531420e-01 1.017114e+03 2.912796e+02
8.675553e-01 1.039293e+03 3.001640e+02
8.821142e-01 1.061847e+03 3.091979e+02
8.968204e-01 1.084780e+03 3.183830e+02
9.116754e-01 1.108099e+03 3.277207e+02
9.266809e-01 1.131809e+03 3.372126e+02
9.418384e-01 1.155916e+03 3.468602e+02
9.571495e-01 1.180425e+03 3.566651e+02
9.726156e-01 1.205342e+03 3.666290e+02
9.882383e-01 1.230673e+03 3.767534e+02
1.004019e+00 1.256423e+03 3.870399e+02
1.019959e+00 1.282597e+03 3.974902e+02
1.036060e+00 1.309202e+03 4.081059e+02
1.052323e+00 1.336243e+03 4.188888e+02
1.068750e+00 1.363725e+03 4.298404e+02
1.085342e+00 1.391655e+03 4.409625e+02
1.102100e+00 1.420039e+03 4.522568e+02
1.119026e+00 1.448881e+03 4.637250e+02
1.136121e+00 1.478188e+03 4.753689e+02
1.153386e+00 1.507965e+03 4.871902e+02
1.170824e+00 1.538218e+03 4.991907e+02
1.188434e+00 1.568954e+03 5.113721e+02
1.206218e+00 1.600177e+03 5.237363e+02
1.224178e+00 1.631894e+03 5.362851e+02
1.242315e+00 1.664110e+03 5.490202e+02
1.260630e+00 1.696833e+03 5.619435e+02
1.279125e+00 1.730066e+03 5.750569e+02
1.297800e+00 1.763817e+03 5.883623e+02
1.316657e+00 1.798092e+03 6.018614e+02
1.335697e+00 1.832896e+03 6.155561e+02
1.354921e+00 1.868235e+03 6.294485e+02
1.374331e+00 1.904117e+03 6.435403e+02
1.393928e+00 1.940545e+03 6.578335e+02
1.413713e+00 1.977528e+03 6.723301e+02
1.433687e+00 2.015070e+03 6.870320e+02
1.453851e+00 2.053179e+03 7.019411e+02
1.474207e+00 2.091859e+03 7.170594e+02
1.494756e+00 2.131119e+03 7.323889e+02
1.515498e+00 2.170963e+03 7.479316e+02
1.536436e+00 2.211398e+03 7.636896e+02
1.557570e+00 2.252431e+03 7.796647e+02
1.578902e+00 2.294067e+03 7.958592e+02
1.600433e+00 2.336314e+03 8.122749e+02
1.622163e+00 2.379177e+03 8.289140e+02
1.644094e+00 2.422663e+03 8.457785e+02
1.666228e+00 2.466779e+03 8.628706e+02
1.688565e+00 2.511531e+03 8.801923e+02
1.711106e+00 2.556925e+03 8.977457e+02
1.733853e+00 2.602968e+03 9.155329e+02
1.756807e+00 2.649667e+03 9.335561e+02
1.779969e+00 2.697028e+03 9.518174e+02
1.803339e+00 2.745057e+03 9.703190e+02
1.826920e+00 2.793763e+03 9.890630e+02
1.850713e+00 2.843151e+03 1.008052e+03
1.874718e+00 2.893227e+03 1.027287e+03
1.898937e+00 2.944000e+03 1.046771e+03
1.923370e+00 2.995475e+03 1.066507e+03
1.948019e+00 3.047660e+03 1.086496e+03
1.972886e+00 3.100561e+03 1.106741e+03
1.997970e+00 3.154185e+03 1.127243e+03
2.023274e+00 3.208539e+03 1.148006e+03
2.048798e+00 3.263630e+03 1.169031e+03
2.074544e+00 3.319465e+03 1.190321e+03
2.100513e+00 3.376052e+03 1.211878e+03
2.126705e+00 3.433396e+03 1.233704e+03
2.153122e+00 3.491506e+03 1.255802e+03
2.179765e+00 3.550388e+03 1.278174e+03
2.206636e+00 3.610050e+03 1.300822e+03
2.233734e+00 3.670498e+03 1.323749e+03
2.261062e+00 3.731740e+03 1.346957e+03
2.288621e+00 3.793783e+03 1.370448e+03
2.316411e+00 3.856635e+03 1.394225e+03
2.344434e+00 3.920302e+03 1.418290e+03
2.372691e+00 3.984792e+03 1.442646e+03
2.401182e+00 4.050113e+03 1.467295e+03
2.429910e+00 4.116272e+03 1.492239e+03
2.458874e+00 4.183275e+03 1.517481e+03
2.488077e+00 4.251132e+03 1.543024e+03
2.517520e+00 4.319848e+03 1.568869e+03
2.547203e+00 4.389433e+03 1.595020e+03
2.577127e+00 4.459892e+03 1.621478e+03
2.607294e+00 4.531235e+03 1.648247e+03
2.637705e+00 4.603468e+03 1.675328e+03
2.668360e+00 4.676599e+03 1.702725e+03
2.699262e+00 4.750636e+03 1.730439e+03
2.730410e+00 4.825586e+03 1.758474e+03
2.761807e+00 4.901458e+03 1.786832e+03
2.793453e+00 4.978259e+03 1.815515e+03
2.825350e+00 5.055997e+03 1.844527e+03
2.857497e+00 5.134680e+03 1.873869e+03
2.889898e+00 5.214316e+03 1.903544e+03
2.922552e+00 5.294912e+03 1.933555e+03
2.955461e+00 5.376476e+03 1.963905e+03
2.988625e+00 5.459018e+03 1.994596e+03
3.022047e+00 5.542543e+03 2.025631e+03
3.055726e+00 5.627061e+03 2.057012e+03
3.089665e+00 5.712580e+03 2.088743e+03
3.123863e+00 5.799108e+03 2.120825e+03
3.158323e+00 5.886653e+03 2.153261e+03
3.193046e+00 5.975223e+03 2.186055e+03
3.228032e+00 6.064826e+03 2.219209e+03
3.263282e+00 6.155470e+03 2.252726e+03
3.298798e+00 6.247165e+03 2.286608e+03
3.334581e+00 6.339918e+03 2.320858e+03
3.370631e+00 6.433737e+03 2.355478e+03
3.406951e+00 6.528631e+03 2.390473e+03
3.443540e+00 6.624608e+03 2.425844e+03
3.480401e+00 6.721677e+03 2.461594e+03
3.517533e+00 6.819846e+03 2.497727e+03
3.554939e+00 6.919124e+03 2.534244e+03
3.592620e+00 7.019519e+03 2.571149e+03
3.630575e+00 7.121039e+03 2.608444e+03
3.668808e+00 7.223695e+03 2.646133e+03
3.707318e+00 7.327493e+03 2.684218e+03
3.746106e+00 7.432443e+03 2.722702e+03
3.785174e+00 7.538553e+03 2.761588e+03
3.824523e+00 7.645832e+03 2.800879e+03
3.864154e+00 7.754290e+03 2.840578e+03
3.904068e+00 7.863934e+03 2.880687e+03
3.944266e+00 7.974773e+03 2.921211e+03
3.984750e+00 8.086817e+03 2.962150e+03
4.025519e+00 8.200074e+03 3.003510e+03
4.066576e+00 8.314553e+03 3.045291e+03
4.107922e+00 8.430264e+03 3.087499e+03
4.149556e+00 8.547214e+03 3.130134e+03
4.191482e+00 8.665414e+03 3.173202e+03
4.233699e+00 8.784872e+03 3.216703e+03
4.276209e+00 8.905598e+03 3.260642e+03
4.319012e+00 9.027600e+03 3.305022e+03
4.362111e+00 9.150887e+03 3.349845e+03
4.405506e+00 9.275470e+03 3.395115e+03
4.449197e+00 9.401356e+03 3.440834e+03
4.493187e+00 9.528556e+03 3.487006e+03
4.537476e+00 9.657078e+03 3.533634e+03
4.582065e+00 9.786932e+03 3.580721e+03
4.626956e+00 9.918128e+03 3.628270e+03
4.672149e+00 1.005067e+04 3.676284e+03
4.717646e+00 1.018458e+04 3.724766e+03
4.763447e+00 1.031986e+04 3.773719e+03
4.809554e+00 1.045651e+04 3.823148e+03
4.855968e+00 1.059455e+04 3.873053e+03
4.902690e+00 1.073400e+04 3.923440e+03
4.949720e+00 1.087485e+04 3.974311e+03
