# baryon density (fm^-3) # energy density (MeV/fm^3) pressure (MeV/fm^3)
1.000000e-09 9.304600e-07 2.997290e-11
1.000000e-09 9.304600e-07 2.997290e-11
1.020000e-09 9.490690e-07 3.091310e-11
1.040400e-09 9.680510e-07 3.188210e-11
1.061210e-09 9.874130e-07 3.288070e-11
1.082430e-09 1.007160e-06 3.390990e-11
1.104080e-09 1.027310e-06 3.497040e-11
1.126160e-09 1.047850e-06 3.606340e-11
1.148690e-09 1.068810e-06 3.718970e-11
1.171660e-09 1.090190e-06 3.835030e-11
1.195090e-09 1.111990e-06 3.954620e-11
1.218990e-09 1.134230e-06 4.077860e-11
1.243370e-09 1.156920e-06 4.204840e-11
1.268240e-09 1.180060e-06 4.335670e-11
1.293610e-09 1.203660e-06 4.470480e-11
1.319480e-09 1.227730e-06 4.609370e-11
1.345870e-09 1.252290e-06 4.752470e-11
1.372790e-09 1.277340e-06 4.899910e-11
1.400240e-09 1.302880e-06 5.051800e-11
1.428250e-09 1.328940e-06 5.208280e-11
1.456810e-09 1.355520e-06 5.369500e-11
1.485950e-09 1.382630e-06 5.535570e-11
1.515670e-09 1.410290e-06 5.706650e-11
1.545980e-09 1.438490e-06 5.882890e-11
1.576900e-09 1.467270e-06 6.064440e-11
1.608440e-09 1.496610e-06 6.251440e-11
1.640610e-09 1.526550e-06 6.444060e-11
1.673420e-09 1.557080e-06 6.642470e-11
1.706890e-09 1.588220e-06 6.846840e-11
1.741020e-09 1.619990e-06 7.057330e-11
1.775840e-09 1.652390e-06 7.274120e-11
1.811360e-09 1.685440e-06 7.497410e-11
1.847590e-09 1.719150e-06 7.727380e-11
1.884540e-09 1.753530e-06 7.964220e-11
1.922230e-09 1.788600e-06 8.208130e-11
1.960680e-09 1.824380e-06 8.459320e-11
1.999890e-09 1.860870e-06 8.718000e-11
2.039890e-09 1.898090e-06 8.984380e-11
2.080690e-09 1.936050e-06 9.258700e-11
2.122300e-09 1.974770e-06 9.541180e-11
2.164740e-09 2.014270e-06 9.832050e-11
2.208040e-09 2.054560e-06 1.013160e-10
2.252200e-09 2.095650e-06 1.044000e-10
2.297240e-09 2.137570e-06 1.075750e-10
2.343190e-09 2.180320e-06 1.108450e-10
2.390050e-09 2.223930e-06 1.142110e-10
2.437850e-09 2.268410e-06 1.176770e-10
2.486610e-09 2.313780e-06 1.212450e-10
2.536340e-09 2.360060e-06 1.249190e-10
2.587070e-09 2.407260e-06 1.287010e-10
2.638810e-09 2.455410e-06 1.325950e-10
2.691590e-09 2.504520e-06 1.366030e-10
2.745420e-09 2.554610e-06 1.407300e-10
2.800330e-09 2.605710e-06 1.449780e-10
2.856330e-09 2.657830e-06 1.493500e-10
2.913460e-09 2.710980e-06 1.538520e-10
2.971730e-09 2.765210e-06 1.584850e-10
3.031170e-09 2.820510e-06 1.632550e-10
3.091790e-09 2.876930e-06 1.681640e-10
3.153620e-09 2.934470e-06 1.732170e-10
3.216700e-09 2.993160e-06 1.784170e-10
3.281030e-09 3.053030e-06 1.837700e-10
3.346650e-09 3.114090e-06 1.892800e-10
3.413580e-09 3.176380e-06 1.949500e-10
3.481860e-09 3.239910e-06 2.007860e-10
3.551490e-09 3.304710e-06 2.067920e-10
3.622520e-09 3.370810e-06 2.129730e-10
3.694970e-09 3.438230e-06 2.193340e-10
3.768870e-09 3.507000e-06 2.258800e-10
3.844250e-09 3.577150e-06 2.326160e-10
3.921140e-09 3.648690e-06 2.395480e-10
3.999560e-09 3.721670e-06 2.466810e-10
4.079550e-09 3.796110e-06 2.540220e-10
4.161140e-09 3.872040e-06 2.615750e-10
4.244360e-09 3.949490e-06 2.693470e-10
4.329250e-09 4.028480e-06 2.773440e-10
4.415840e-09 4.109060e-06 2.855720e-10
4.504150e-09 4.191240e-06 2.940380e-10
4.594240e-09 4.275070e-06 3.027490e-10
4.686120e-09 4.360580e-06 3.117120e-10
4.779840e-09 4.447800e-06 3.209320e-10
4.875440e-09 4.536760e-06 3.304190e-10
4.972950e-09 4.627500e-06 3.401790e-10
5.072410e-09 4.720060e-06 3.353330e-10
5.173860e-09 4.814470e-06 3.452370e-10
5.277330e-09 4.910760e-06 3.554250e-10
5.382880e-09 5.008990e-06 3.659070e-10
5.490540e-09 5.109170e-06 3.766900e-10
5.600350e-09 5.211370e-06 3.877830e-10
5.712350e-09 5.315600e-06 3.991950e-10
5.826600e-09 5.421920e-06 4.109330e-10
5.943130e-09 5.530370e-06 4.230090e-10
6.062000e-09 5.640980e-06 4.354300e-10
6.183240e-09 5.753810e-06 4.482070e-10
6.306900e-09 5.868900e-06 4.613500e-10
6.433040e-09 5.986280e-06 4.748680e-10
6.561700e-09 6.106020e-06 4.887730e-10
6.692930e-09 6.228150e-06 5.030750e-10
6.826790e-09 6.352720e-06 5.177860e-10
6.963330e-09 6.479790e-06 5.329160e-10
7.102590e-09 6.609400e-06 5.484770e-10
7.244650e-09 6.741590e-06 5.644820e-10
7.389540e-09 6.876440e-06 5.809420e-10
7.537330e-09 7.013980e-06 5.978710e-10
7.688080e-09 7.154270e-06 6.152810e-10
7.841840e-09 7.297370e-06 6.331860e-10
7.998670e-09 7.443330e-06 6.516000e-10
8.158650e-09 7.592210e-06 6.705360e-10
8.321820e-09 7.744070e-06 6.900100e-10
8.488260e-09 7.898960e-06 7.100360e-10
8.658020e-09 8.056950e-06 7.306290e-10
8.831180e-09 8.218110e-06 7.518060e-10
9.007810e-09 8.382490e-06 7.735820e-10
9.187960e-09 8.550150e-06 7.959750e-10
9.371720e-09 8.721170e-06 8.190000e-10
9.559160e-09 8.895610e-06 8.426760e-10
9.750340e-09 9.073540e-06 8.670210e-10
9.945350e-09 9.255030e-06 8.920530e-10
1.014430e-08 9.440150e-06 9.177910e-10
1.034710e-08 9.628970e-06 9.442540e-10
1.055410e-08 9.821570e-06 9.714640e-10
1.076520e-08 1.001800e-05 9.994400e-10
1.098050e-08 1.021840e-05 1.028200e-09
1.120010e-08 1.042280e-05 1.057780e-09
1.142410e-08 1.063130e-05 1.088180e-09
1.165260e-08 1.084390e-05 1.119440e-09
1.188560e-08 1.106080e-05 1.151580e-09
1.212330e-08 1.128210e-05 1.184620e-09
1.236580e-08 1.150770e-05 1.218580e-09
1.261310e-08 1.173790e-05 1.253500e-09
1.286540e-08 1.197270e-05 1.289400e-09
1.312270e-08 1.221220e-05 1.326310e-09
1.338510e-08 1.245640e-05 1.364250e-09
1.365280e-08 1.270560e-05 1.403250e-09
1.392590e-08 1.295970e-05 1.443340e-09
1.420440e-08 1.321890e-05 1.484550e-09
1.448850e-08 1.348340e-05 1.526920e-09
1.477830e-08 1.375310e-05 1.570460e-09
1.507380e-08 1.402820e-05 1.615230e-09
1.537530e-08 1.430870e-05 1.661240e-09
1.568280e-08 1.459500e-05 1.708540e-09
1.599650e-08 1.488690e-05 1.757160e-09
1.631640e-08 1.518470e-05 1.807130e-09
1.664270e-08 1.548840e-05 1.858500e-09
1.697560e-08 1.579820e-05 1.911290e-09
1.731510e-08 1.611420e-05 1.965560e-09
1.766140e-08 1.643650e-05 2.021340e-09
1.801460e-08 1.676530e-05 2.078660e-09
1.837490e-08 1.710060e-05 2.137590e-09
1.874240e-08 1.744270e-05 2.198140e-09
1.911730e-08 1.779160e-05 2.260390e-09
1.949960e-08 1.814750e-05 2.324360e-09
1.988960e-08 1.851050e-05 2.390100e-09
2.028740e-08 1.888070e-05 2.457670e-09
2.069310e-08 1.925840e-05 2.527110e-09
2.110700e-08 1.964360e-05 2.598480e-09
2.152910e-08 2.003650e-05 2.671830e-09
2.195970e-08 2.043730e-05 2.747210e-09
2.239890e-08 2.084610e-05 2.824670e-09
2.284690e-08 2.126310e-05 2.904290e-09
2.330380e-08 2.168840e-05 2.986100e-09
2.376990e-08 2.212230e-05 3.070170e-09
2.424530e-08 2.256480e-05 3.156570e-09
2.473020e-08 2.301610e-05 3.245360e-09
2.522480e-08 2.347650e-05 3.336600e-09
2.572930e-08 2.394610e-05 3.430370e-09
2.624390e-08 2.442510e-05 3.526720e-09
2.676880e-08 2.491370e-05 3.625730e-09
2.730420e-08 2.541200e-05 3.727470e-09
2.785020e-08 2.592030e-05 3.832010e-09
2.840720e-08 2.643880e-05 3.939440e-09
2.897540e-08 2.696770e-05 4.049830e-09
2.955490e-08 2.750710e-05 4.163260e-09
3.014600e-08 2.805730e-05 4.279820e-09
3.074890e-08 2.861860e-05 4.399580e-09
3.136390e-08 2.919100e-05 4.522640e-09
3.199120e-08 2.977490e-05 4.649090e-09
3.263100e-08 3.037050e-05 4.779010e-09
3.328360e-08 3.097800e-05 4.912510e-09
3.394930e-08 3.159770e-05 5.049670e-09
3.462830e-08 3.222980e-05 5.190610e-09
3.532080e-08 3.287450e-05 5.335410e-09
3.602720e-08 3.353210e-05 5.484200e-09
3.674780e-08 3.420280e-05 5.637060e-09
3.748270e-08 3.488700e-05 5.794130e-09
3.823240e-08 3.558480e-05 5.955500e-09
3.899710e-08 3.629670e-05 6.121300e-09
3.977700e-08 3.702270e-05 6.291640e-09
4.057250e-08 3.776330e-05 6.466660e-09
4.138400e-08 3.851870e-05 6.646470e-09
4.221170e-08 3.928920e-05 6.831200e-09
4.305590e-08 4.007510e-05 7.021000e-09
4.391700e-08 4.087680e-05 7.215990e-09
4.479540e-08 4.169450e-05 7.416330e-09
4.569130e-08 4.252850e-05 7.622140e-09
4.660510e-08 4.337920e-05 7.833590e-09
4.753720e-08 4.424700e-05 8.050810e-09
4.848790e-08 4.513210e-05 8.273980e-09
4.945770e-08 4.603490e-05 8.503250e-09
5.044680e-08 4.695570e-05 8.738790e-09
5.145580e-08 4.789500e-05 8.980760e-09
5.248490e-08 4.885310e-05 9.229340e-09
5.353460e-08 4.983040e-05 9.484710e-09
5.460530e-08 5.082720e-05 9.747050e-09
5.569740e-08 5.184390e-05 1.001660e-08
5.681130e-08 5.288100e-05 1.029340e-08
5.794760e-08 5.393880e-05 1.057780e-08
5.910650e-08 5.501780e-05 1.087000e-08
6.028860e-08 5.611840e-05 1.117010e-08
6.149440e-08 5.724100e-05 1.147850e-08
6.272430e-08 5.838600e-05 1.179520e-08
6.397880e-08 5.955400e-05 1.212050e-08
6.525840e-08 6.074530e-05 1.245480e-08
6.656350e-08 6.196050e-05 1.279810e-08
6.789480e-08 6.319990e-05 1.315080e-08
6.925270e-08 6.446420e-05 1.351300e-08
7.063780e-08 6.575380e-05 1.388520e-08
7.205050e-08 6.706910e-05 1.426750e-08
7.349150e-08 6.841080e-05 1.466010e-08
7.496140e-08 6.977930e-05 1.506350e-08
7.646060e-08 7.117520e-05 1.547780e-08
7.798980e-08 7.259900e-05 1.590340e-08
7.954960e-08 7.405130e-05 1.634060e-08
8.114060e-08 7.553270e-05 1.678960e-08
8.276340e-08 7.704370e-05 1.725090e-08
8.441870e-08 7.858490e-05 1.772470e-08
8.610700e-08 8.015700e-05 1.821130e-08
8.782920e-08 8.176050e-05 1.871120e-08
8.958580e-08 8.339610e-05 1.922470e-08
9.137750e-08 8.506440e-05 1.975210e-08
9.320500e-08 8.676610e-05 2.029380e-08
9.506910e-08 8.850180e-05 2.085020e-08
9.697050e-08 9.027220e-05 2.142170e-08
9.890990e-08 9.207810e-05 2.200870e-08
1.008880e-07 9.392010e-05 2.261170e-08
1.029060e-07 9.579900e-05 2.323100e-08
1.049640e-07 9.771540e-05 2.386710e-08
1.070630e-07 9.967020e-05 2.452040e-08
1.092050e-07 1.016640e-04 2.519150e-08
1.113890e-07 1.036980e-04 2.588080e-08
1.136160e-07 1.057720e-04 2.658870e-08
1.158890e-07 1.078880e-04 2.731580e-08
1.182070e-07 1.100470e-04 2.806260e-08
1.205710e-07 1.122480e-04 2.882970e-08
1.229820e-07 1.144940e-04 2.961750e-08
1.254420e-07 1.167840e-04 3.042670e-08
1.279510e-07 1.191210e-04 3.125770e-08
1.305100e-07 1.215040e-04 3.211130e-08
1.331200e-07 1.239340e-04 3.298800e-08
1.357820e-07 1.264140e-04 3.388840e-08
1.384980e-07 1.289430e-04 3.481310e-08
1.412680e-07 1.315220e-04 3.576290e-08
1.440930e-07 1.341530e-04 3.673840e-08
1.469750e-07 1.368370e-04 3.774020e-08
1.499140e-07 1.395750e-04 3.876920e-08
1.529130e-07 1.423670e-04 3.982600e-08
1.559710e-07 1.452150e-04 4.091140e-08
1.590900e-07 1.481200e-04 4.169660e-08
1.622720e-07 1.510830e-04 4.283250e-08
1.655180e-07 1.541060e-04 4.399910e-08
1.688280e-07 1.571890e-04 4.363350e-08
1.722050e-07 1.603340e-04 4.482180e-08
1.756490e-07 1.635410e-04 4.604220e-08
1.791620e-07 1.668130e-04 4.729560e-08
1.827450e-07 1.701500e-04 4.858280e-08
1.864000e-07 1.735540e-04 4.990480e-08
1.901280e-07 1.770260e-04 5.126250e-08
1.939300e-07 1.805680e-04 5.265690e-08
1.978090e-07 1.841800e-04 5.408890e-08
2.017650e-07 1.878650e-04 5.555960e-08
2.058000e-07 1.916230e-04 5.707000e-08
2.099160e-07 1.954570e-04 5.862120e-08
2.141150e-07 1.993670e-04 6.021420e-08
2.183970e-07 2.033560e-04 6.185030e-08
2.227650e-07 2.074240e-04 6.353040e-08
2.272200e-07 2.115740e-04 6.525590e-08
2.317650e-07 2.158070e-04 6.702800e-08
2.364000e-07 2.201240e-04 6.884790e-08
2.411280e-07 2.245280e-04 7.071680e-08
2.459510e-07 2.290200e-04 7.263620e-08
2.508700e-07 2.336020e-04 7.460730e-08
2.558870e-07 2.382760e-04 7.663160e-08
2.610050e-07 2.430430e-04 7.871050e-08
2.662250e-07 2.479050e-04 8.084540e-08
2.715490e-07 2.528650e-04 8.303790e-08
2.769800e-07 2.579240e-04 8.528940e-08
2.825200e-07 2.630840e-04 8.760170e-08
2.881700e-07 2.683480e-04 8.997620e-08
2.939340e-07 2.737160e-04 9.241480e-08
2.998120e-07 2.791930e-04 9.491900e-08
3.058090e-07 2.847780e-04 9.749080e-08
3.119250e-07 2.904760e-04 1.001320e-07
3.181630e-07 2.962880e-04 1.028440e-07
3.245260e-07 3.022150e-04 1.056290e-07
3.310170e-07 3.082620e-04 1.084890e-07
3.376370e-07 3.144290e-04 1.114270e-07
3.443900e-07 3.207200e-04 1.144430e-07
3.512780e-07 3.271370e-04 1.175410e-07
3.583030e-07 3.336820e-04 1.207220e-07
3.654700e-07 3.403580e-04 1.239880e-07
3.727790e-07 3.471680e-04 1.273430e-07
3.802350e-07 3.541140e-04 1.307870e-07
3.878390e-07 3.611990e-04 1.343250e-07
3.955960e-07 3.684250e-04 1.379580e-07
4.035080e-07 3.757970e-04 1.416880e-07
4.115780e-07 3.833150e-04 1.455190e-07
4.198100e-07 3.909850e-04 1.494530e-07
4.282060e-07 3.988070e-04 1.534930e-07
4.367700e-07 4.067870e-04 1.576420e-07
4.455050e-07 4.149250e-04 1.619020e-07
4.544150e-07 4.232270e-04 1.662770e-07
4.635040e-07 4.316950e-04 1.707690e-07
4.727740e-07 4.403330e-04 1.753820e-07
4.822290e-07 4.491430e-04 1.801200e-07
4.918740e-07 4.581290e-04 1.849840e-07
5.017110e-07 4.672960e-04 1.899800e-07
5.117460e-07 4.766450e-04 1.951100e-07
5.219800e-07 4.861820e-04 2.003770e-07
5.324200e-07 4.959100e-04 2.057870e-07
5.430690e-07 5.058320e-04 2.113420e-07
5.539300e-07 5.159530e-04 2.170460e-07
5.650080e-07 5.262770e-04 2.229030e-07
5.763090e-07 5.368070e-04 2.289180e-07
5.878350e-07 5.475480e-04 2.350950e-07
5.995920e-07 5.585030e-04 2.414380e-07
6.115830e-07 5.696780e-04 2.479510e-07
6.238150e-07 5.810770e-04 2.546390e-07
6.362910e-07 5.927030e-04 2.615070e-07
6.490170e-07 6.045630e-04 2.685590e-07
6.619970e-07 6.166600e-04 2.758010e-07
6.752370e-07 6.289980e-04 2.832370e-07
6.887420e-07 6.415840e-04 2.908740e-07
7.025170e-07 6.544220e-04 2.987150e-07
7.165670e-07 6.675160e-04 3.067670e-07
7.308990e-07 6.808730e-04 3.150350e-07
7.455170e-07 6.944960e-04 3.235260e-07
7.604270e-07 7.083930e-04 3.322440e-07
7.756360e-07 7.225680e-04 3.411970e-07
7.911480e-07 7.370260e-04 3.503900e-07
8.069710e-07 7.517730e-04 3.598290e-07
8.231110e-07 7.668160e-04 3.545690e-07
8.395730e-07 7.821600e-04 3.641210e-07
8.563640e-07 7.978100e-04 3.739300e-07
8.734920e-07 8.137740e-04 3.840020e-07
8.909610e-07 8.300570e-04 3.943440e-07
9.087810e-07 8.466660e-04 4.049640e-07
9.269560e-07 8.636080e-04 4.158690e-07
9.454950e-07 8.808880e-04 4.270670e-07
9.644050e-07 8.985150e-04 4.385660e-07
9.836930e-07 9.164940e-04 4.503730e-07
1.003370e-06 9.348330e-04 4.624980e-07
1.023430e-06 9.535390e-04 4.749470e-07
1.043900e-06 9.726190e-04 4.877310e-07
1.064780e-06 9.920820e-04 5.008580e-07
1.086080e-06 1.011930e-03 5.143370e-07
1.107800e-06 1.032180e-03 5.281780e-07
1.129950e-06 1.052840e-03 5.423910e-07
1.152550e-06 1.073900e-03 5.569850e-07
1.175600e-06 1.095390e-03 5.719700e-07
1.199120e-06 1.117310e-03 5.873580e-07
1.223100e-06 1.139670e-03 6.031590e-07
1.247560e-06 1.162480e-03 6.193830e-07
1.272510e-06 1.185740e-03 6.360430e-07
1.297960e-06 1.209470e-03 6.531500e-07
1.323920e-06 1.233670e-03 6.707150e-07
1.350400e-06 1.258360e-03 6.887520e-07
1.377410e-06 1.283540e-03 7.072730e-07
1.404960e-06 1.309220e-03 7.262910e-07
1.433060e-06 1.335420e-03 7.458190e-07
1.461720e-06 1.362150e-03 7.658700e-07
1.490950e-06 1.389400e-03 7.339330e-07
1.520770e-06 1.417210e-03 7.536660e-07
1.551190e-06 1.445570e-03 7.739280e-07
1.582210e-06 1.474490e-03 7.947340e-07
1.613850e-06 1.504000e-03 8.160980e-07
1.646130e-06 1.534100e-03 8.380350e-07
1.679050e-06 1.564790e-03 8.605610e-07
1.712630e-06 1.596110e-03 8.836900e-07
1.746890e-06 1.628050e-03 9.074400e-07
1.781820e-06 1.660630e-03 9.318260e-07
1.817460e-06 1.693860e-03 9.568670e-07
1.853810e-06 1.727750e-03 9.825790e-07
1.890890e-06 1.762330e-03 1.008980e-06
1.928700e-06 1.797600e-03 1.036090e-06
1.967280e-06 1.833570e-03 1.063930e-06
2.006620e-06 1.870260e-03 1.092510e-06
2.046760e-06 1.907690e-03 1.121860e-06
2.087690e-06 1.945870e-03 1.152000e-06
2.129450e-06 1.984810e-03 1.182940e-06
2.172030e-06 2.024530e-03 1.214710e-06
2.215470e-06 2.065040e-03 1.247340e-06
2.259780e-06 2.106370e-03 1.280840e-06
2.304980e-06 2.148520e-03 1.315240e-06
2.351080e-06 2.191520e-03 1.350560e-06
2.398100e-06 2.235380e-03 1.386830e-06
2.446060e-06 2.280110e-03 1.424060e-06
2.494980e-06 2.325740e-03 1.462300e-06
2.544880e-06 2.372290e-03 1.501570e-06
2.595780e-06 2.419760e-03 1.541880e-06
2.647700e-06 2.468190e-03 1.583280e-06
2.700650e-06 2.517590e-03 1.625780e-06
2.754660e-06 2.567970e-03 1.669430e-06
2.809760e-06 2.619360e-03 1.714240e-06
2.865950e-06 2.671790e-03 1.760260e-06
2.923270e-06 2.725260e-03 1.807500e-06
2.981740e-06 2.779800e-03 1.856020e-06
3.041370e-06 2.835430e-03 1.905830e-06
3.102200e-06 2.892180e-03 1.956980e-06
3.164240e-06 2.950060e-03 2.009500e-06
3.227530e-06 3.009110e-03 2.063430e-06
3.292080e-06 3.069330e-03 2.118810e-06
3.357920e-06 3.130760e-03 2.175660e-06
3.425080e-06 3.193420e-03 2.234040e-06
3.493580e-06 3.257330e-03 2.293990e-06
3.563450e-06 3.322530e-03 2.355540e-06
3.634720e-06 3.389020e-03 2.418740e-06
3.707420e-06 3.456850e-03 2.483630e-06
3.781560e-06 3.526040e-03 2.550270e-06
3.857200e-06 3.596610e-03 2.618680e-06
3.934340e-06 3.668600e-03 2.688930e-06
4.013030e-06 3.742020e-03 2.761070e-06
4.093290e-06 3.816920e-03 2.835130e-06
4.175150e-06 3.893320e-03 2.911180e-06
4.258660e-06 3.971240e-03 2.989270e-06
4.343830e-06 4.050730e-03 3.069450e-06
4.430700e-06 4.131800e-03 3.151780e-06
4.519320e-06 4.214500e-03 3.236310e-06
4.609710e-06 4.298860e-03 3.323110e-06
4.701900e-06 4.384910e-03 3.412230e-06
4.795940e-06 4.472670e-03 3.503740e-06
4.891860e-06 4.562200e-03 3.597700e-06
4.989690e-06 4.653510e-03 3.694180e-06
5.089490e-06 4.746660e-03 3.793240e-06
5.191280e-06 4.841670e-03 3.894960e-06
5.295100e-06 4.938580e-03 3.999400e-06
5.401000e-06 5.037430e-03 4.106640e-06
5.509020e-06 5.138270e-03 4.216750e-06
5.619210e-06 5.241120e-03 4.329810e-06
5.731590e-06 5.346030e-03 4.445900e-06
5.846220e-06 5.453040e-03 4.565090e-06
5.963150e-06 5.562190e-03 4.687480e-06
6.082410e-06 5.673530e-03 4.813150e-06
6.204060e-06 5.787100e-03 4.942190e-06
6.328140e-06 5.902940e-03 5.074680e-06
6.454700e-06 6.021100e-03 5.210710e-06
6.583790e-06 6.141630e-03 5.350400e-06
6.715470e-06 6.264570e-03 5.493820e-06
6.849780e-06 6.389970e-03 5.641080e-06
6.986780e-06 6.517880e-03 5.527470e-06
7.126510e-06 6.648350e-03 5.675630e-06
7.269040e-06 6.781440e-03 5.827770e-06
7.414420e-06 6.917180e-03 5.983970e-06
7.562710e-06 7.055650e-03 6.144360e-06
7.713960e-06 7.196880e-03 6.309050e-06
7.868240e-06 7.340950e-03 6.478140e-06
8.025610e-06 7.487900e-03 6.651770e-06
8.186120e-06 7.637790e-03 6.830040e-06
8.349840e-06 7.790690e-03 7.013090e-06
8.516840e-06 7.946640e-03 7.201040e-06
8.687180e-06 8.105720e-03 7.394020e-06
8.860920e-06 8.267990e-03 7.592170e-06
9.038140e-06 8.433500e-03 7.795620e-06
9.218900e-06 8.602330e-03 8.004520e-06
9.403280e-06 8.774540e-03 8.219020e-06
9.591350e-06 8.950190e-03 8.439260e-06
9.783170e-06 9.129370e-03 8.665400e-06
9.978840e-06 9.312130e-03 8.897590e-06
1.017840e-05 9.498550e-03 9.136000e-06
1.038200e-05 9.688710e-03 9.380800e-06
1.058960e-05 9.882680e-03 9.632140e-06
1.080140e-05 1.008050e-02 9.890220e-06
1.101740e-05 1.028230e-02 1.015520e-05
1.123780e-05 1.048820e-02 1.042730e-05
1.146250e-05 1.069820e-02 1.070670e-05
1.169180e-05 1.091230e-02 1.099350e-05
1.192560e-05 1.113080e-02 1.128800e-05
1.216410e-05 1.135370e-02 1.159040e-05
1.240740e-05 1.158100e-02 1.190100e-05
1.265560e-05 1.181280e-02 1.221980e-05
1.290870e-05 1.204930e-02 1.254710e-05
1.316690e-05 1.229060e-02 1.288330e-05
1.343020e-05 1.253660e-02 1.322840e-05
1.369880e-05 1.278760e-02 1.358270e-05
1.397280e-05 1.304370e-02 1.394660e-05
1.425220e-05 1.330480e-02 1.432020e-05
1.453730e-05 1.357120e-02 1.470380e-05
1.482800e-05 1.384290e-02 1.509760e-05
1.512460e-05 1.412010e-02 1.550200e-05
1.542710e-05 1.440280e-02 1.591730e-05
1.573560e-05 1.469120e-02 1.634360e-05
1.605030e-05 1.498540e-02 1.678140e-05
1.637130e-05 1.528540e-02 1.723090e-05
1.669880e-05 1.559150e-02 1.769240e-05
1.703270e-05 1.590360e-02 1.726030e-05
1.737340e-05 1.622210e-02 1.772270e-05
1.772090e-05 1.654690e-02 1.819730e-05
1.807530e-05 1.687820e-02 1.868470e-05
1.843680e-05 1.721610e-02 1.918510e-05
1.880550e-05 1.756080e-02 1.969900e-05
1.918160e-05 1.791240e-02 2.022660e-05
1.956530e-05 1.827110e-02 2.076830e-05
1.995660e-05 1.863690e-02 2.132450e-05
2.035570e-05 1.901010e-02 2.189560e-05
2.076280e-05 1.939080e-02 2.248200e-05
2.117810e-05 1.977900e-02 2.308400e-05
2.160160e-05 2.017510e-02 2.370220e-05
2.203370e-05 2.057910e-02 2.433700e-05
2.247430e-05 2.099110e-02 2.498870e-05
2.292380e-05 2.141150e-02 2.565790e-05
2.338230e-05 2.184020e-02 2.634500e-05
2.384990e-05 2.227760e-02 2.705050e-05
2.432690e-05 2.272370e-02 2.777480e-05
2.481350e-05 2.317870e-02 2.851860e-05
2.530980e-05 2.364280e-02 2.928230e-05
2.581600e-05 2.411630e-02 3.006640e-05
2.633230e-05 2.459920e-02 3.087150e-05
2.685890e-05 2.509180e-02 3.169810e-05
2.739610e-05 2.559430e-02 3.254690e-05
2.794400e-05 2.610690e-02 3.341840e-05
2.850290e-05 2.662970e-02 3.431320e-05
2.907300e-05 2.716300e-02 3.523200e-05
2.965440e-05 2.770690e-02 3.617540e-05
3.024750e-05 2.826180e-02 3.714400e-05
3.085250e-05 2.882780e-02 3.813850e-05
3.146950e-05 2.940510e-02 3.915970e-05
3.209890e-05 2.999400e-02 4.020820e-05
3.274090e-05 3.059470e-02 4.128470e-05
3.339570e-05 3.120740e-02 4.239010e-05
3.406360e-05 3.183250e-02 4.352500e-05
3.474490e-05 3.247000e-02 4.469040e-05
3.543980e-05 3.312030e-02 4.588690e-05
3.614860e-05 3.378360e-02 4.711540e-05
3.687150e-05 3.446020e-02 4.573310e-05
3.760900e-05 3.515030e-02 4.695750e-05
3.836110e-05 3.585430e-02 4.821470e-05
3.912840e-05 3.657240e-02 4.950560e-05
3.991090e-05 3.730480e-02 5.083100e-05
4.070920e-05 3.805190e-02 5.219180e-05
4.152330e-05 3.881400e-02 5.358910e-05
4.235380e-05 3.959140e-02 5.502380e-05
4.320090e-05 4.038430e-02 5.649690e-05
4.406490e-05 4.119320e-02 5.800940e-05
4.494620e-05 4.201820e-02 5.956240e-05
4.584510e-05 4.285980e-02 6.115700e-05
4.676200e-05 4.371820e-02 6.279420e-05
4.769730e-05 4.459390e-02 6.447530e-05
4.865120e-05 4.548700e-02 6.620130e-05
4.962420e-05 4.639810e-02 6.797360e-05
5.061670e-05 4.732750e-02 6.979320e-05
5.162900e-05 4.827540e-02 7.166160e-05
5.266160e-05 4.924240e-02 7.358000e-05
5.371490e-05 5.022870e-02 7.554970e-05
5.478920e-05 5.123480e-02 7.757210e-05
5.588490e-05 5.226110e-02 7.964870e-05
5.700260e-05 5.330790e-02 8.178080e-05
5.814270e-05 5.437580e-02 8.397000e-05
5.930550e-05 5.546500e-02 8.621780e-05
6.049170e-05 5.657600e-02 8.558550e-05
6.170150e-05 5.770930e-02 8.787660e-05
6.293550e-05 5.886520e-02 9.022890e-05
6.419420e-05 6.004430e-02 9.264420e-05
6.547810e-05 6.124710e-02 9.512410e-05
6.678770e-05 6.247400e-02 9.767040e-05
6.812340e-05 6.372540e-02 1.002850e-04
6.948590e-05 6.500200e-02 1.029690e-04
7.087560e-05 6.630410e-02 1.057260e-04
7.229310e-05 6.763230e-02 1.085560e-04
7.373900e-05 6.898720e-02 1.114610e-04
7.521380e-05 7.036920e-02 1.144450e-04
7.671810e-05 7.177890e-02 1.175080e-04
7.825240e-05 7.321680e-02 1.206530e-04
7.981750e-05 7.468360e-02 1.238830e-04
8.141380e-05 7.617970e-02 1.200910e-04
8.304210e-05 7.770570e-02 1.233060e-04
8.470290e-05 7.926230e-02 1.266060e-04
8.639700e-05 8.085020e-02 1.299950e-04
8.812490e-05 8.246980e-02 1.334750e-04
8.988740e-05 8.412190e-02 1.370470e-04
9.168520e-05 8.580710e-02 1.407150e-04
9.351890e-05 8.752610e-02 1.444820e-04
9.538930e-05 8.927960e-02 1.483490e-04
9.729700e-05 9.106820e-02 1.523200e-04
9.924300e-05 9.289260e-02 1.563960e-04
1.012280e-04 9.475360e-02 1.605820e-04
1.032520e-04 9.665200e-02 1.648800e-04
1.053170e-04 9.858830e-02 1.692940e-04
1.074240e-04 1.005640e-01 1.738250e-04
1.095720e-04 1.025780e-01 1.784770e-04
1.117640e-04 1.046340e-01 1.832540e-04
1.139990e-04 1.067300e-01 1.881590e-04
1.162790e-04 1.088680e-01 1.931950e-04
1.186050e-04 1.110500e-01 1.983650e-04
1.209770e-04 1.132750e-01 2.036740e-04
1.233960e-04 1.155440e-01 2.006200e-04
1.258640e-04 1.178590e-01 2.059890e-04
1.283810e-04 1.202200e-01 2.115020e-04
1.309490e-04 1.226290e-01 2.171630e-04
1.335680e-04 1.250860e-01 2.229750e-04
1.362390e-04 1.275920e-01 2.289430e-04
1.389640e-04 1.301490e-01 2.350700e-04
1.417430e-04 1.327570e-01 2.413610e-04
1.445780e-04 1.354170e-01 2.478210e-04
1.474700e-04 1.381300e-01 2.544540e-04
1.504190e-04 1.408980e-01 2.612640e-04
1.534280e-04 1.437210e-01 2.625000e-04
1.564960e-04 1.466010e-01 2.695260e-04
1.596260e-04 1.495380e-01 2.767390e-04
1.628190e-04 1.525340e-01 2.841460e-04
1.660750e-04 1.555910e-01 2.917500e-04
1.693960e-04 1.587090e-01 2.995580e-04
1.727840e-04 1.618890e-01 3.006460e-04
1.762400e-04 1.651330e-01 3.086930e-04
1.797650e-04 1.684420e-01 3.169540e-04
1.833600e-04 1.718170e-01 3.183400e-04
1.870270e-04 1.752600e-01 3.268600e-04
1.907680e-04 1.787710e-01 3.356070e-04
1.945830e-04 1.823540e-01 3.445890e-04
1.984750e-04 1.860080e-01 3.538110e-04
2.024440e-04 1.897350e-01 3.632800e-04
2.064930e-04 1.935370e-01 3.730020e-04
2.106230e-04 1.974150e-01 3.829840e-04
2.148360e-04 2.013710e-01 3.932340e-04
2.191320e-04 2.054070e-01 4.037570e-04
2.235150e-04 2.095230e-01 4.145620e-04
2.279850e-04 2.137220e-01 4.256570e-04
2.325450e-04 2.180050e-01 4.276720e-04
2.371960e-04 2.223740e-01 4.391170e-04
2.419400e-04 2.268300e-01 4.508680e-04
2.467790e-04 2.313760e-01 4.629340e-04
2.517140e-04 2.360130e-01 4.753230e-04
2.567490e-04 2.407420e-01 4.777390e-04
2.618840e-04 2.455670e-01 4.905240e-04
3.553450e-04 3.334070e-01 5.672430e-04
4.553450e-04 4.274020e-01 6.375950e-04
5.553450e-04 5.214130e-01 7.093590e-04
6.553450e-04 6.154370e-01 7.840760e-04
7.553450e-04 7.094730e-01 8.620950e-04
8.553450e-04 8.035190e-01 9.434430e-04
9.553450e-04 8.975750e-01 1.028030e-03
1.055350e-03 9.916400e-01 1.115750e-03
1.155350e-03 1.085710e+00 1.206450e-03
1.255350e-03 1.179790e+00 1.300010e-03
1.355350e-03 1.273880e+00 1.396290e-03
1.455350e-03 1.367980e+00 1.495180e-03
1.555350e-03 1.462080e+00 1.596570e-03
1.655350e-03 1.556190e+00 1.700350e-03
1.755350e-03 1.650310e+00 1.806420e-03
1.855350e-03 1.744430e+00 1.914690e-03
1.955350e-03 1.838560e+00 2.025090e-03
2.055350e-03 1.932690e+00 2.137530e-03
2.155350e-03 2.026830e+00 2.251940e-03
2.255350e-03 2.120980e+00 2.368260e-03
2.355350e-03 2.215130e+00 2.486410e-03
2.455350e-03 2.309280e+00 2.606360e-03
2.555350e-03 2.403440e+00 2.728030e-03
2.655350e-03 2.497600e+00 2.851380e-03
2.755350e-03 2.591770e+00 2.976370e-03
2.855350e-03 2.685950e+00 3.102940e-03
2.955350e-03 2.780130e+00 3.231060e-03
3.055350e-03 2.874310e+00 3.360690e-03
3.155350e-03 2.968500e+00 3.491790e-03
3.255350e-03 3.062690e+00 3.624330e-03
3.355350e-03 3.156880e+00 3.758270e-03
3.455350e-03 3.251080e+00 3.893580e-03
3.555350e-03 3.345280e+00 4.030240e-03
3.655350e-03 3.439490e+00 4.168220e-03
3.755350e-03 3.533700e+00 4.307500e-03
3.855350e-03 3.627920e+00 4.448040e-03
3.955350e-03 3.722130e+00 4.589830e-03
4.055350e-03 3.816360e+00 4.732840e-03
4.155350e-03 3.910580e+00 4.877060e-03
4.255350e-03 4.004810e+00 5.022470e-03
4.355350e-03 4.099040e+00 5.169040e-03
4.455350e-03 4.193280e+00 5.316770e-03
4.555350e-03 4.287520e+00 5.465630e-03
4.655350e-03 4.381760e+00 5.615620e-03
4.755350e-03 4.476000e+00 5.766710e-03
4.855350e-03 4.570250e+00 5.918890e-03
4.955350e-03 4.664500e+00 6.072160e-03
5.055350e-03 4.758760e+00 6.226500e-03
5.155350e-03 4.853020e+00 6.381890e-03
5.255350e-03 4.947280e+00 6.538340e-03
5.355350e-03 5.041540e+00 6.695820e-03
5.455350e-03 5.135810e+00 6.854330e-03
5.555350e-03 5.230080e+00 7.013870e-03
5.655350e-03 5.324350e+00 7.174410e-03
5.755350e-03 5.418630e+00 7.335960e-03
5.855350e-03 5.512910e+00 7.498510e-03
5.955350e-03 5.607190e+00 7.662050e-03
6.055350e-03 5.701470e+00 7.826570e-03
6.155350e-03 5.795760e+00 7.992070e-03
6.255350e-03 5.890050e+00 8.158550e-03
6.355350e-03 5.984340e+00 8.325990e-03
6.455350e-03 6.078630e+00 8.494400e-03
6.555350e-03 6.172930e+00 8.663770e-03
6.655350e-03 6.267230e+00 8.834090e-03
6.755350e-03 6.361530e+00 9.005360e-03
6.855350e-03 6.455840e+00 9.177580e-03
6.955350e-03 6.550140e+00 9.350750e-03
7.055350e-03 6.644450e+00 9.524860e-03
7.155350e-03 6.738770e+00 9.699910e-03
7.255350e-03 6.833080e+00 9.875900e-03
7.355350e-03 6.927400e+00 1.005280e-02
7.455350e-03 7.021720e+00 1.023070e-02
7.555350e-03 7.116040e+00 1.040950e-02
7.655350e-03 7.210370e+00 1.058920e-02
7.755350e-03 7.304690e+00 1.076980e-02
7.855350e-03 7.399020e+00 1.095140e-02
7.955350e-03 7.493350e+00 1.113390e-02
8.055350e-03 7.587690e+00 1.131730e-02
8.155350e-03 7.682020e+00 1.150170e-02
8.255350e-03 7.776360e+00 1.168690e-02
8.355350e-03 7.870700e+00 1.187310e-02
8.455350e-03 7.965040e+00 1.206030e-02
8.555350e-03 8.059390e+00 1.224830e-02
8.655350e-03 8.153740e+00 1.243730e-02
8.755350e-03 8.248090e+00 1.262720e-02
8.855350e-03 8.342440e+00 1.281800e-02
8.955350e-03 8.436790e+00 1.300980e-02
9.055350e-03 8.531150e+00 1.320250e-02
9.155350e-03 8.625510e+00 1.339610e-02
9.255350e-03 8.719870e+00 1.359060e-02
9.355350e-03 8.814230e+00 1.378610e-02
9.455350e-03 8.908590e+00 1.398250e-02
9.555350e-03 9.002960e+00 1.417980e-02
9.655350e-03 9.097330e+00 1.437810e-02
9.755350e-03 9.191700e+00 1.457730e-02
9.855350e-03 9.286070e+00 1.477740e-02
9.955350e-03 9.380440e+00 1.497850e-02
1.005530e-02 9.474820e+00 1.518050e-02
1.015530e-02 9.569200e+00 1.538340e-02
1.025530e-02 9.663580e+00 1.558730e-02
1.035530e-02 9.757960e+00 1.579210e-02
1.045530e-02 9.852350e+00 1.599790e-02
1.055530e-02 9.946730e+00 1.620460e-02
1.065530e-02 1.004110e+01 1.641230e-02
1.075530e-02 1.013550e+01 1.662090e-02
1.085530e-02 1.022990e+01 1.683050e-02
1.095530e-02 1.032430e+01 1.704100e-02
1.105530e-02 1.041870e+01 1.725250e-02
1.115530e-02 1.051310e+01 1.746490e-02
1.125530e-02 1.060750e+01 1.767830e-02
1.135530e-02 1.070190e+01 1.789270e-02
1.145530e-02 1.079630e+01 1.810800e-02
1.155530e-02 1.089070e+01 1.832430e-02
1.165530e-02 1.098510e+01 1.854160e-02
1.175530e-02 1.107950e+01 1.875980e-02
1.185530e-02 1.117390e+01 1.897900e-02
1.195530e-02 1.126830e+01 1.919920e-02
1.205530e-02 1.136280e+01 1.942030e-02
1.215530e-02 1.145720e+01 1.964250e-02
1.225530e-02 1.155160e+01 1.986560e-02
1.235530e-02 1.164600e+01 2.008970e-02
1.245530e-02 1.174040e+01 2.031480e-02
1.255530e-02 1.183490e+01 2.054080e-02
1.265530e-02 1.192930e+01 2.076790e-02
1.275530e-02 1.202370e+01 2.099600e-02
1.285530e-02 1.211820e+01 2.122500e-02
1.295530e-02 1.221260e+01 2.145510e-02
1.305530e-02 1.230700e+01 2.168610e-02
1.315530e-02 1.240150e+01 2.191820e-02
1.325530e-02 1.249590e+01 2.215130e-02
1.335530e-02 1.259030e+01 2.238530e-02
1.345530e-02 1.268480e+01 2.262040e-02
1.355530e-02 1.277920e+01 2.285650e-02
1.365530e-02 1.287370e+01 2.309360e-02
1.375530e-02 1.296810e+01 2.333170e-02
1.385530e-02 1.306250e+01 2.357090e-02
1.395530e-02 1.315700e+01 2.381100e-02
1.405530e-02 1.325140e+01 2.405220e-02
1.415530e-02 1.334590e+01 2.429440e-02
1.425530e-02 1.344040e+01 2.453770e-02
1.435530e-02 1.353480e+01 2.478190e-02
1.445530e-02 1.362930e+01 2.502730e-02
1.455530e-02 1.372370e+01 2.527360e-02
1.465530e-02 1.381820e+01 2.552100e-02
1.475530e-02 1.391260e+01 2.576940e-02
1.485530e-02 1.400710e+01 2.601880e-02
1.495530e-02 1.410160e+01 2.626930e-02
1.505530e-02 1.419600e+01 2.652090e-02
1.515530e-02 1.429050e+01 2.677350e-02
1.525530e-02 1.438500e+01 2.702710e-02
1.535530e-02 1.447950e+01 2.728180e-02
1.545530e-02 1.457390e+01 2.753760e-02
1.555530e-02 1.466840e+01 2.779440e-02
1.565530e-02 1.476290e+01 2.805230e-02
1.575530e-02 1.485740e+01 2.831120e-02
1.585530e-02 1.495180e+01 2.857120e-02
1.595530e-02 1.504630e+01 2.883230e-02
1.605530e-02 1.514080e+01 2.909440e-02
1.615530e-02 1.523530e+01 2.935760e-02
1.625530e-02 1.532980e+01 2.962190e-02
1.635530e-02 1.542430e+01 2.988720e-02
1.645530e-02 1.551880e+01 3.015360e-02
1.655530e-02 1.561330e+01 3.042110e-02
1.665530e-02 1.570780e+01 3.068970e-02
1.675530e-02 1.580230e+01 3.095940e-02
1.685530e-02 1.589670e+01 3.123010e-02
1.695530e-02 1.599120e+01 3.150190e-02
1.705530e-02 1.608570e+01 3.177490e-02
1.715530e-02 1.618020e+01 3.204890e-02
1.719368e-02 1.621453e+01 3.348630e-02
7.398835e-02 7.011987e+01 3.977066e-01
1.173065e-01 1.115684e+02 1.184360e+00
1.481047e-01 1.412896e+02 2.264036e+00
1.723183e-01 1.648540e+02 3.563388e+00
1.928908e-01 1.850421e+02 5.042648e+00
2.111661e-01 2.031242e+02 6.678434e+00
2.278464e-01 2.197634e+02 8.455271e+00
2.433481e-01 2.353524e+02 1.036207e+01
2.579388e-01 2.501435e+02 1.239046e+01
2.718019e-01 2.643092e+02 1.453385e+01
2.850692e-01 2.779734e+02 1.678691e+01
2.978388e-01 2.912285e+02 1.914524e+01
3.101862e-01 3.041453e+02 2.160513e+01
3.221709e-01 3.167795e+02 2.416342e+01
3.338405e-01 3.291761e+02 2.681736e+01
3.452341e-01 3.413718e+02 2.956458e+01
3.563844e-01 3.533971e+02 3.240297e+01
3.673185e-01 3.652777e+02 3.533069e+01
3.780596e-01 3.770357e+02 3.834607e+01
3.886278e-01 3.886898e+02 4.144764e+01
3.990404e-01 4.002566e+02 4.463408e+01
4.093126e-01 4.117506e+02 4.790418e+01
4.194578e-01 4.231844e+02 5.125686e+01
4.294877e-01 4.345696e+02 5.469115e+01
4.394131e-01 4.459164e+02 5.820616e+01
4.492433e-01 4.572339e+02 6.180108e+01
4.589869e-01 4.685307e+02 6.547518e+01
4.686518e-01 4.798143e+02 6.922778e+01
4.782449e-01 4.910917e+02 7.305829e+01
4.877727e-01 5.023694e+02 7.696614e+01
4.972410e-01 5.136534e+02 8.095082e+01
5.066554e-01 5.249491e+02 8.501190e+01
5.160207e-01 5.362619e+02 8.914893e+01
5.253417e-01 5.475965e+02 9.336156e+01
5.346226e-01 5.589574e+02 9.764943e+01
5.438673e-01 5.703489e+02 1.020122e+02
5.530796e-01 5.817750e+02 1.064497e+02
5.622631e-01 5.932395e+02 1.109616e+02
5.714208e-01 6.047460e+02 1.155477e+02
5.805559e-01 6.162980e+02 1.202078e+02
5.896712e-01 6.278988e+02 1.249417e+02
5.987694e-01 6.395514e+02 1.297492e+02
6.078531e-01 6.512589e+02 1.346304e+02
6.169246e-01 6.630241e+02 1.395849e+02
6.259863e-01 6.748498e+02 1.446128e+02
6.350402e-01 6.867387e+02 1.497141e+02
6.440885e-01 6.986933e+02 1.548885e+02
6.531329e-01 7.107161e+02 1.601361e+02
6.621755e-01 7.228096e+02 1.654569e+02
6.712179e-01 7.349760e+02 1.708508e+02
6.802618e-01 7.472176e+02 1.763179e+02
6.893088e-01 7.595365e+02 1.818582e+02
6.983605e-01 7.719351e+02 1.874717e+02
7.074182e-01 7.844152e+02 1.931585e+02
7.164834e-01 7.969790e+02 1.989185e+02
7.255574e-01 8.096285e+02 2.047520e+02
7.346416e-01 8.223655e+02 2.106589e+02
7.437371e-01 8.351920e+02 2.166393e+02
7.528451e-01 8.481099e+02 2.226934e+02
7.619668e-01 8.611210e+02 2.288212e+02
7.711033e-01 8.742271e+02 2.350229e+02
7.802556e-01 8.874300e+02 2.412986e+02
7.894248e-01 9.007313e+02 2.476483e+02
7.986118e-01 9.141329e+02 2.540724e+02
8.078176e-01 9.276364e+02 2.605708e+02
8.170432e-01 9.412435e+02 2.671438e+02
8.262894e-01 9.549557e+02 2.737915e+02
8.355570e-01 9.687748e+02 2.805141e+02
8.448470e-01 9.827024e+02 2.873118e+02
8.541601e-01 9.967400e+02 2.941847e+02
8.634971e-01 1.010889e+03 3.011331e+02
8.728589e-01 1.025152e+03 3.081571e+02
8.822460e-01 1.039529e+03 3.152570e+02
8.916593e-01 1.054022e+03 3.224329e+02
9.010995e-01 1.068633e+03 3.296851e+02
9.105673e-01 1.083363e+03 3.370138e+02
9.200633e-01 1.098214e+03 3.444192e+02
9.295881e-01 1.113188e+03 3.519015e+02
9.391425e-01 1.128284e+03 3.594610e+02
9.487270e-01 1.143507e+03 3.670979e+02
9.583422e-01 1.158855e+03 3.748125e+02
9.679888e-01 1.174332e+03 3.826050e+02
9.776673e-01 1.189938e+03 3.904757e+02
9.873783e-01 1.205676e+03 3.984248e+02
9.971223e-01 1.221545e+03 4.064527e+02
1.006900e+00 1.237549e+03 4.145595e+02
1.016712e+00 1.253687e+03 4.227455e+02
1.026558e+00 1.269963e+03 4.310111e+02
1.036439e+00 1.286376e+03 4.393564e+02
1.046357e+00 1.302929e+03 4.477819e+02
1.056310e+00 1.319622e+03 4.562877e+02
1.066300e+00 1.336458e+03 4.648743e+02
1.076327e+00 1.353438e+03 4.735417e+02
1.086391e+00 1.370562e+03 4.822905e+02
1.096494e+00 1.387833e+03 4.911208e+02
1.106635e+00 1.405252e+03 5.000331e+02
1.116815e+00 1.422820e+03 5.090275e+02
1.127034e+00 1.440539e+03 5.181045e+02
1.137293e+00 1.458409e+03 5.272643e+02
1.147593e+00 1.476433e+03 5.365072e+02
1.157933e+00 1.494612e+03 5.458337e+02
1.168314e+00 1.512947e+03 5.552440e+02
1.178736e+00 1.531440e+03 5.647384e+02
1.189201e+00 1.550091e+03 5.743173e+02
1.199708e+00 1.568903e+03 5.839811e+02
1.210257e+00 1.587876e+03 5.937300e+02
1.220849e+00 1.607013e+03 6.035645e+02
1.231485e+00 1.626314e+03 6.134848e+02
1.242164e+00 1.645781e+03 6.234914e+02
1.252888e+00 1.665415e+03 6.335845e+02
1.263656e+00 1.685218e+03 6.437646e+02
1.274469e+00 1.705191e+03 6.540320e+02
1.285328e+00 1.725335e+03 6.643870e+02
1.296232e+00 1.745652e+03 6.748301e+02
1.307181e+00 1.766143e+03 6.853616e+02
1.318178e+00 1.786810e+03 6.959819e+02
1.329221e+00 1.807654e+03 7.066913e+02
1.340311e+00 1.828677e+03 7.174903e+02
1.351448e+00 1.849879e+03 7.283791e+02
1.362633e+00 1.871263e+03 7.393583e+02
1.373866e+00 1.892829e+03 7.504281e+02
1.385147e+00 1.914580e+03 7.615891e+02
1.396477e+00 1.936515e+03 7.728415e+02
1.407856e+00 1.958638e+03 7.841857e+02
1.419284e+00 1.980950e+03 7.956223e+02
1.430762e+00 2.003451e+03 8.071514e+02
1.442290e+00 2.026143e+03 8.187737e+02
1.453868e+00 2.049028e+03 8.304894e+02
1.465497e+00 2.072106e+03 8.422990e+02
1.477177e+00 2.095381e+03 8.542029e+02
1.488908e+00 2.118852e+03 8.662015e+02
1.500690e+00 2.142522e+03 8.782952e+02
1.512524e+00 2.166392e+03 8.904844e+02
1.524411e+00 2.190463e+03 9.027696e+02
1.536349e+00 2.214736e+03 9.151512e+02
1.548341e+00 2.239214e+03 9.276296e+02
1.560385e+00 2.263898e+03 9.402052e+02
1.572483e+00 2.288789e+03 9.528785e+02
1.584635e+00 2.313888e+03 9.656499e+02
1.596840e+00 2.339198e+03 9.785198e+02
1.609100e+00 2.364719e+03 9.914886e+02
1.621414e+00 2.390453e+03 1.004557e+03
1.633783e+00 2.416401e+03 1.017725e+03
1.646207e+00 2.442566e+03 1.030993e+03
1.658686e+00 2.468948e+03 1.044363e+03
1.671221e+00 2.495550e+03 1.057833e+03
1.683811e+00 2.522371e+03 1.071405e+03
1.696458e+00 2.549415e+03 1.085079e+03
1.709162e+00 2.576683e+03 1.098856e+03
1.721922e+00 2.604175e+03 1.112735e+03
1.734739e+00 2.631894e+03 1.126718e+03
1.747614e+00 2.659841e+03 1.140805e+03
1.760546e+00 2.688018e+03 1.154997e+03
1.773536e+00 2.716426e+03 1.169293e+03
1.786584e+00 2.745066e+03 1.183695e+03
1.799691e+00 2.773941e+03 1.198202e+03
1.812856e+00 2.803052e+03 1.212816e+03
1.826080e+00 2.832400e+03 1.227536e+03
1.839364e+00 2.861987e+03 1.242364e+03
1.852707e+00 2.891814e+03 1.257299e+03
1.866109e+00 2.921883e+03 1.272343e+03
1.879572e+00 2.952196e+03 1.287495e+03
1.893095e+00 2.982754e+03 1.302757e+03
1.906678e+00 3.013559e+03 1.318128e+03
1.920323e+00 3.044612e+03 1.333609e+03
1.934028e+00 3.075915e+03 1.349201e+03
1.947795e+00 3.107469e+03 1.364904e+03
1.961623e+00 3.139277e+03 1.380719e+03
1.975513e+00 3.171339e+03 1.396645e+03
1.989466e+00 3.203658e+03 1.412685e+03
2.003480e+00 3.236234e+03 1.428837e+03
2.017558e+00 3.269070e+03 1.445103e+03
2.031698e+00 3.302167e+03 1.461484e+03
2.045901e+00 3.335527e+03 1.477979e+03
2.060168e+00 3.369151e+03 1.494589e+03
2.074499e+00 3.403041e+03 1.511315e+03
2.088893e+00 3.437199e+03 1.528157e+03
2.103352e+00 3.471626e+03 1.545115e+03
2.117875e+00 3.506324e+03 1.562191e+03
2.132463e+00 3.541295e+03 1.579385e+03
2.147116e+00 3.576540e+03 1.596697e+03
2.161834e+00 3.612061e+03 1.614128e+03
2.176617e+00 3.647859e+03 1.631678e+03
2.191466e+00 3.683937e+03 1.649348e+03
2.206381e+00 3.720296e+03 1.667139e+03
2.221363e+00 3.756937e+03 1.685050e+03
2.236410e+00 3.793862e+03 1.703083e+03
2.251525e+00 3.831074e+03 1.721238e+03
2.266706e+00 3.868573e+03 1.739515e+03
2.281955e+00 3.906362e+03 1.757916e+03
2.297271e+00 3.944442e+03 1.776440e+03
2.312655e+00 3.982815e+03 1.795088e+03
2.328107e+00 4.021482e+03 1.813861e+03
2.343627e+00 4.060445e+03 1.832760e+03
2.359215e+00 4.099707e+03 1.851784e+03
2.374873e+00 4.139268e+03 1.870935e+03
2.390599e+00 4.179130e+03 1.890212e+03
2.406394e+00 4.219296e+03 1.909617e+03
2.422259e+00 4.259767e+03 1.929151e+03
2.438193e+00 4.300544e+03 1.948812e+03
2.454198e+00 4.341630e+03 1.968603e+03
2.470273e+00 4.383027e+03 1.988524e+03
2.486418e+00 4.424735e+03 2.008575e+03
2.502633e+00 4.466757e+03 2.028757e+03
2.518920e+00 4.509094e+03 2.049071e+03
2.535278e+00 4.551749e+03 2.069516e+03
2.551707e+00 4.594723e+03 2.090095e+03
2.568208e+00 4.638018e+03 2.110806e+03
2.584781e+00 4.681636e+03 2.131651e+03
2.601426e+00 4.725578e+03 2.152631e+03
2.618143e+00 4.769846e+03 2.173745e+03
2.634933e+00 4.814443e+03 2.194995e+03
2.651796e+00 4.859370e+03 2.216382e+03
2.668732e+00 4.904628e+03 2.237905e+03
2.685741e+00 4.950220e+03 2.259565e+03
2.702824e+00 4.996147e+03 2.281363e+03
2.719980e+00 5.042412e+03 2.303300e+03
2.737211e+00 5.089016e+03 2.325376e+03
2.754516e+00 5.135961e+03 2.347591e+03
2.771896e+00 5.183249e+03 2.369947e+03
2.789350e+00 5.230881e+03 2.392444e+03
2.806880e+00 5.278861e+03 2.415082e+03
2.824484e+00 5.327188e+03 2.437862e+03
2.842165e+00 5.375866e+03 2.460785e+03
2.859921e+00 5.424896e+03 2.483852e+03
2.877753e+00 5.474280e+03 2.507062e+03
2.895661e+00 5.524021e+03 2.530417e+03
2.913645e+00 5.574119e+03 2.553917e+03
2.931707e+00 5.624577e+03 2.577563e+03
2.949845e+00 5.675396e+03 2.601356e+03
2.968061e+00 5.726580e+03 2.625295e+03
2.986354e+00 5.778129e+03 2.649382e+03
3.004724e+00 5.830045e+03 2.673618e+03
3.023173e+00 5.882331e+03 2.698002e+03
3.041699e+00 5.934988e+03 2.722536e+03
3.060304e+00 5.988018e+03 2.747221e+03
3.078988e+00 6.041424e+03 2.772056e+03
3.097750e+00 6.095207e+03 2.797042e+03
3.116592e+00 6.149369e+03 2.822181e+03
3.135513e+00 6.203912e+03 2.847472e+03
3.154513e+00 6.258838e+03 2.872917e+03
3.173594e+00 6.314149e+03 2.898516e+03
3.192754e+00 6.369847e+03 2.924270e+03
3.211994e+00 6.425934e+03 2.950178e+03
3.231316e+00 6.482413e+03 2.976243e+03
3.250717e+00 6.539284e+03 3.002465e+03
3.270200e+00 6.596550e+03 3.028844e+03
3.289764e+00 6.654213e+03 3.055381e+03
3.309410e+00 6.712275e+03 3.082076e+03
3.329137e+00 6.770739e+03 3.108931e+03
3.348946e+00 6.829605e+03 3.135945e+03
3.368837e+00 6.888876e+03 3.163121e+03
3.388811e+00 6.948555e+03 3.190457e+03
3.408867e+00 7.008643e+03 3.217955e+03
