# baryon density (fm^-3) # energy density (MeV/fm^3) pressure (MeV/fm^3)
1.000000e-09 9.304600e-07 2.997290e-11
1.000000e-09 9.304600e-07 2.997290e-11
1.020000e-09 9.490690e-07 3.091310e-11
1.040400e-09 9.680510e-07 3.188210e-11
1.061210e-09 9.874130e-07 3.288070e-11
1.082430e-09 1.007160e-06 3.390990e-11
1.104080e-09 1.027310e-06 3.497040e-11
1.126160e-09 1.047850e-06 3.606340e-11
1.148690e-09 1.068810e-06 3.718970e-11
1.171660e-09 1.090190e-06 3.835030e-11
1.195090e-09 1.111990e-06 3.954620e-11
1.218990e-09 1.134230e-06 4.077860e-11
1.243370e-09 1.156920e-06 4.204840e-11
1.268240e-09 1.180060e-06 4.335670e-11
1.293610e-09 1.203660e-06 4.470480e-11
1.319480e-09 1.227730e-06 4.609370e-11
1.345870e-09 1.252290e-06 4.752470e-11
1.372790e-09 1.277340e-06 4.899910e-11
1.400240e-09 1.302880e-06 5.051800e-11
1.428250e-09 1.328940e-06 5.208280e-11
1.456810e-09 1.355520e-06 5.369500e-11
1.485950e-09 1.382630e-06 5.535570e-11
1.515670e-09 1.410290e-06 5.706650e-11
1.545980e-09 1.438490e-06 5.882890e-11
1.576900e-09 1.467270e-06 6.064440e-11
1.608440e-09 1.496610e-06 6.251440e-11
1.640610e-09 1.526550e-06 6.444060e-11
1.673420e-09 1.557080e-06 6.642470e-11
1.706890e-09 1.588220e-06 6.846840e-11
1.741020e-09 1.619990e-06 7.057330e-11
1.775840e-09 1.652390e-06 7.274120e-11
1.811360e-09 1.685440e-06 7.497410e-11
1.847590e-09 1.719150e-06 7.727380e-11
1.884540e-09 1.753530e-06 7.964220e-11
1.922230e-09 1.788600e-06 8.208130e-11
1.960680e-09 1.824380e-06 8.459320e-11
1.999890e-09 1.860870e-06 8.718000e-11
2.039890e-09 1.898090e-06 8.984380e-11
2.080690e-09 1.936050e-06 9.258700e-11
2.122300e-09 1.974770e-06 9.541180e-11
2.164740e-09 2.014270e-06 9.832050e-11
2.208040e-09 2.054560e-06 1.013160e-10
2.252200e-09 2.095650e-06 1.044000e-10
2.297240e-09 2.137570e-06 1.075750e-10
2.343190e-09 2.180320e-06 1.108450e-10
2.390050e-09 2.223930e-06 1.142110e-10
2.437850e-09 2.268410e-06 1.176770e-10
2.486610e-09 2.313780e-06 1.212450e-10
2.536340e-09 2.360060e-06 1.249190e-10
2.587070e-09 2.407260e-06 1.287010e-10
2.638810e-09 2.455410e-06 1.325950e-10
2.691590e-09 2.504520e-06 1.366030e-10
2.745420e-09 2.554610e-06 1.407300e-10
2.800330e-09 2.605710e-06 1.449780e-10
2.856330e-09 2.657830e-06 1.493500e-10
2.913460e-09 2.710980e-06 1.538520e-10
2.971730e-09 2.765210e-06 1.584850e-10
3.031170e-09 2.820510e-06 1.632550e-10
3.091790e-09 2.876930e-06 1.681640e-10
3.153620e-09 2.934470e-06 1.732170e-10
3.216700e-09 2.993160e-06 1.784170e-10
3.281030e-09 3.053030e-06 1.837700e-10
3.346650e-09 3.114090e-06 1.892800e-10
3.413580e-09 3.176380e-06 1.949500e-10
3.481860e-09 3.239910e-06 2.007860e-10
3.551490e-09 3.304710e-06 2.067920e-10
3.622520e-09 3.370810e-06 2.129730e-10
3.694970e-09 3.438230e-06 2.193340e-10
3.768870e-09 3.507000e-06 2.258800e-10
3.844250e-09 3.577150e-06 2.326160e-10
3.921140e-09 3.648690e-06 2.395480e-10
3.999560e-09 3.721670e-06 2.466810e-10
4.079550e-09 3.796110e-06 2.540220e-10
4.161140e-09 3.872040e-06 2.615750e-10
4.244360e-09 3.949490e-06 2.693470e-10
4.329250e-09 4.028480e-06 2.773440e-10
4.415840e-09 4.109060e-06 2.855720e-10
4.504150e-09 4.191240e-06 2.940380e-10
4.594240e-09 4.275070e-06 3.027490e-10
4.686120e-09 4.360580e-06 3.117120e-10
4.779840e-09 4.447800e-06 3.209320e-10
4.875440e-09 4.536760e-06 3.304190e-10
4.972950e-09 4.627500e-06 3.401790e-10
5.072410e-09 4.720060e-06 3.353330e-10
5.173860e-09 4.814470e-06 3.452370e-10
5.277330e-09 4.910760e-06 3.554250e-10
5.382880e-09 5.008990e-06 3.659070e-10
5.490540e-09 5.109170e-06 3.766900e-10
5.600350e-09 5.211370e-06 3.877830e-10
5.712350e-09 5.315600e-06 3.991950e-10
5.826600e-09 5.421920e-06 4.109330e-10
5.943130e-09 5.530370e-06 4.230090e-10
6.062000e-09 5.640980e-06 4.354300e-10
6.183240e-09 5.753810e-06 4.482070e-10
6.306900e-09 5.868900e-06 4.613500e-10
6.433040e-09 5.986280e-06 4.748680e-10
6.561700e-09 6.106020e-06 4.887730e-10
6.692930e-09 6.228150e-06 5.030750e-10
6.826790e-09 6.352720e-06 5.177860e-10
6.963330e-09 6.479790e-06 5.329160e-10
7.102590e-09 6.609400e-06 5.484770e-10
7.244650e-09 6.741590e-06 5.644820e-10
7.389540e-09 6.876440e-06 5.809420e-10
7.537330e-09 7.013980e-06 5.978710e-10
7.688080e-09 7.154270e-06 6.152810e-10
7.841840e-09 7.297370e-06 6.331860e-10
7.998670e-09 7.443330e-06 6.516000e-10
8.158650e-09 7.592210e-06 6.705360e-10
8.321820e-09 7.744070e-06 6.900100e-10
8.488260e-09 7.898960e-06 7.100360e-10
8.658020e-09 8.056950e-06 7.306290e-10
8.831180e-09 8.218110e-06 7.518060e-10
9.007810e-09 8.382490e-06 7.735820e-10
9.187960e-09 8.550150e-06 7.959750e-10
9.371720e-09 8.721170e-06 8.190000e-10
9.559160e-09 8.895610e-06 8.426760e-10
9.750340e-09 9.073540e-06 8.670210e-10
9.945350e-09 9.255030e-06 8.920530e-10
1.014430e-08 9.440150e-06 9.177910e-10
1.034710e-08 9.628970e-06 9.442540e-10
1.055410e-08 9.821570e-06 9.714640e-10
1.076520e-08 1.001800e-05 9.994400e-10
1.098050e-08 1.021840e-05 1.028200e-09
1.120010e-08 1.042280e-05 1.057780e-09
1.142410e-08 1.063130e-05 1.088180e-09
1.165260e-08 1.084390e-05 1.119440e-09
1.188560e-08 1.106080e-05 1.151580e-09
1.212330e-08 1.128210e-05 1.184620e-09
1.236580e-08 1.150770e-05 1.218580e-09
1.261310e-08 1.173790e-05 1.253500e-09
1.286540e-08 1.197270e-05 1.289400e-09
1.312270e-08 1.221220e-05 1.326310e-09
1.338510e-08 1.245640e-05 1.364250e-09
1.365280e-08 1.270560e-05 1.403250e-09
1.392590e-08 1.295970e-05 1.443340e-09
1.420440e-08 1.321890e-05 1.484550e-09
1.448850e-08 1.348340e-05 1.526920e-09
1.477830e-08 1.375310e-05 1.570460e-09
1.507380e-08 1.402820e-05 1.615230e-09
1.537530e-08 1.430870e-05 1.661240e-09
1.568280e-08 1.459500e-05 1.708540e-09
1.599650e-08 1.488690e-05 1.757160e-09
1.631640e-08 1.518470e-05 1.807130e-09
1.664270e-08 1.548840e-05 1.858500e-09
1.697560e-08 1.579820e-05 1.911290e-09
1.731510e-08 1.611420e-05 1.965560e-09
1.766140e-08 1.643650e-05 2.021340e-09
1.801460e-08 1.676530e-05 2.078660e-09
1.837490e-08 1.710060e-05 2.137590e-09
1.874240e-08 1.744270e-05 2.198140e-09
1.911730e-08 1.779160e-05 2.260390e-09
1.949960e-08 1.814750e-05 2.324360e-09
1.988960e-08 1.851050e-05 2.390100e-09
2.028740e-08 1.888070e-05 2.457670e-09
2.069310e-08 1.925840e-05 2.527110e-09
2.110700e-08 1.964360e-05 2.598480e-09
2.152910e-08 2.003650e-05 2.671830e-09
2.195970e-08 2.043730e-05 2.747210e-09
2.239890e-08 2.084610e-05 2.824670e-09
2.284690e-08 2.126310e-05 2.904290e-09
2.330380e-08 2.168840e-05 2.986100e-09
2.376990e-08 2.212230e-05 3.070170e-09
2.424530e-08 2.256480e-05 3.156570e-09
2.473020e-08 2.301610e-05 3.245360e-09
2.522480e-08 2.347650e-05 3.336600e-09
2.572930e-08 2.394610e-05 3.430370e-09
2.624390e-08 2.442510e-05 3.526720e-09
2.676880e-08 2.491370e-05 3.625730e-09
2.730420e-08 2.541200e-05 3.727470e-09
2.785020e-08 2.592030e-05 3.832010e-09
2.840720e-08 2.643880e-05 3.939440e-09
2.897540e-08 2.696770e-05 4.049830e-09
2.955490e-08 2.750710e-05 4.163260e-09
3.014600e-08 2.805730e-05 4.279820e-09
3.074890e-08 2.861860e-05 4.399580e-09
3.136390e-08 2.919100e-05 4.522640e-09
3.199120e-08 2.977490e-05 4.649090e-09
3.263100e-08 3.037050e-05 4.779010e-09
3.328360e-08 3.097800e-05 4.912510e-09
3.394930e-08 3.159770e-05 5.049670e-09
3.462830e-08 3.222980e-05 5.190610e-09
3.532080e-08 3.287450e-05 5.335410e-09
3.602720e-08 3.353210e-05 5.484200e-09
3.674780e-08 3.420280e-05 5.637060e-09
3.748270e-08 3.488700e-05 5.794130e-09
3.823240e-08 3.558480e-05 5.955500e-09
3.899710e-08 3.629670e-05 6.121300e-09
3.977700e-08 3.702270e-05 6.291640e-09
4.057250e-08 3.776330e-05 6.466660e-09
4.138400e-08 3.851870e-05 6.646470e-09
4.221170e-08 3.928920e-05 6.831200e-09
4.305590e-08 4.007510e-05 7.021000e-09
4.391700e-08 4.087680e-05 7.215990e-09
4.479540e-08 4.169450e-05 7.416330e-09
4.569130e-08 4.252850e-05 7.622140e-09
4.660510e-08 4.337920e-05 7.833590e-09
4.753720e-08 4.424700e-05 8.050810e-09
4.848790e-08 4.513210e-05 8.273980e-09
4.945770e-08 4.603490e-05 8.503250e-09
5.044680e-08 4.695570e-05 8.738790e-09
5.145580e-08 4.789500e-05 8.980760e-09
5.248490e-08 4.885310e-05 9.229340e-09
5.353460e-08 4.983040e-05 9.484710e-09
5.460530e-08 5.082720e-05 9.747050e-09
5.569740e-08 5.184390e-05 1.001660e-08
5.681130e-08 5.288100e-05 1.029340e-08
5.794760e-08 5.393880e-05 1.057780e-08
5.910650e-08 5.501780e-05 1.087000e-08
6.028860e-08 5.611840e-05 1.117010e-08
6.149440e-08 5.724100e-05 1.147850e-08
6.272430e-08 5.838600e-05 1.179520e-08
6.397880e-08 5.955400e-05 1.212050e-08
6.525840e-08 6.074530e-05 1.245480e-08
6.656350e-08 6.196050e-05 1.279810e-08
6.789480e-08 6.319990e-05 1.315080e-08
6.925270e-08 6.446420e-05 1.351300e-08
7.063780e-08 6.575380e-05 1.388520e-08
7.205050e-08 6.706910e-05 1.426750e-08
7.349150e-08 6.841080e-05 1.466010e-08
7.496140e-08 6.977930e-05 1.506350e-08
7.646060e-08 7.117520e-05 1.547780e-08
7.798980e-08 7.259900e-05 1.590340e-08
7.954960e-08 7.405130e-05 1.634060e-08
8.114060e-08 7.553270e-05 1.678960e-08
8.276340e-08 7.704370e-05 1.725090e-08
8.441870e-08 7.858490e-05 1.772470e-08
8.610700e-08 8.015700e-05 1.821130e-08
8.782920e-08 8.176050e-05 1.871120e-08
8.958580e-08 8.339610e-05 1.922470e-08
9.137750e-08 8.506440e-05 1.975210e-08
9.320500e-08 8.676610e-05 2.029380e-08
9.506910e-08 8.850180e-05 2.085020e-08
9.697050e-08 9.027220e-05 2.142170e-08
9.890990e-08 9.207810e-05 2.200870e-08
1.008880e-07 9.392010e-05 2.261170e-08
1.029060e-07 9.579900e-05 2.323100e-08
1.049640e-07 9.771540e-05 2.386710e-08
1.070630e-07 9.967020e-05 2.452040e-08
1.092050e-07 1.016640e-04 2.519150e-08
1.113890e-07 1.036980e-04 2.588080e-08
1.136160e-07 1.057720e-04 2.658870e-08
1.158890e-07 1.078880e-04 2.731580e-08
1.182070e-07 1.100470e-04 2.806260e-08
1.205710e-07 1.122480e-04 2.882970e-08
1.229820e-07 1.144940e-04 2.961750e-08
1.254420e-07 1.167840e-04 3.042670e-08
1.279510e-07 1.191210e-04 3.125770e-08
1.305100e-07 1.215040e-04 3.211130e-08
1.331200e-07 1.239340e-04 3.298800e-08
1.357820e-07 1.264140e-04 3.388840e-08
1.384980e-07 1.289430e-04 3.481310e-08
1.412680e-07 1.315220e-04 3.576290e-08
1.440930e-07 1.341530e-04 3.673840e-08
1.469750e-07 1.368370e-04 3.774020e-08
1.499140e-07 1.395750e-04 3.876920e-08
1.529130e-07 1.423670e-04 3.982600e-08
1.559710e-07 1.452150e-04 4.091140e-08
1.590900e-07 1.481200e-04 4.169660e-08
1.622720e-07 1.510830e-04 4.283250e-08
1.655180e-07 1.541060e-04 4.399910e-08
1.688280e-07 1.571890e-04 4.363350e-08
1.722050e-07 1.603340e-04 4.482180e-08
1.756490e-07 1.635410e-04 4.604220e-08
1.791620e-07 1.668130e-04 4.729560e-08
1.827450e-07 1.701500e-04 4.858280e-08
1.864000e-07 1.735540e-04 4.990480e-08
1.901280e-07 1.770260e-04 5.126250e-08
1.939300e-07 1.805680e-04 5.265690e-08
1.978090e-07 1.841800e-04 5.408890e-08
2.017650e-07 1.878650e-04 5.555960e-08
2.058000e-07 1.916230e-04 5.707000e-08
2.099160e-07 1.954570e-04 5.862120e-08
2.141150e-07 1.993670e-04 6.021420e-08
2.183970e-07 2.033560e-04 6.185030e-08
2.227650e-07 2.074240e-04 6.353040e-08
2.272200e-07 2.115740e-04 6.525590e-08
2.317650e-07 2.158070e-04 6.702800e-08
2.364000e-07 2.201240e-04 6.884790e-08
2.411280e-07 2.245280e-04 7.071680e-08
2.459510e-07 2.290200e-04 7.263620e-08
2.508700e-07 2.336020e-04 7.460730e-08
2.558870e-07 2.382760e-04 7.663160e-08
2.610050e-07 2.430430e-04 7.871050e-08
2.662250e-07 2.479050e-04 8.084540e-08
2.715490e-07 2.528650e-04 8.303790e-08
2.769800e-07 2.579240e-04 8.528940e-08
2.825200e-07 2.630840e-04 8.760170e-08
2.881700e-07 2.683480e-04 8.997620e-08
2.939340e-07 2.737160e-04 9.241480e-08
2.998120e-07 2.791930e-04 9.491900e-08
3.058090e-07 2.847780e-04 9.749080e-08
3.119250e-07 2.904760e-04 1.001320e-07
3.181630e-07 2.962880e-04 1.028440e-07
3.245260e-07 3.022150e-04 1.056290e-07
3.310170e-07 3.082620e-04 1.084890e-07
3.376370e-07 3.144290e-04 1.114270e-07
3.443900e-07 3.207200e-04 1.144430e-07
3.512780e-07 3.271370e-04 1.175410e-07
3.583030e-07 3.336820e-04 1.207220e-07
3.654700e-07 3.403580e-04 1.239880e-07
3.727790e-07 3.471680e-04 1.273430e-07
3.802350e-07 3.541140e-04 1.307870e-07
3.878390e-07 3.611990e-04 1.343250e-07
3.955960e-07 3.684250e-04 1.379580e-07
4.035080e-07 3.757970e-04 1.416880e-07
4.115780e-07 3.833150e-04 1.455190e-07
4.198100e-07 3.909850e-04 1.494530e-07
4.282060e-07 3.988070e-04 1.534930e-07
4.367700e-07 4.067870e-04 1.576420e-07
4.455050e-07 4.149250e-04 1.619020e-07
4.544150e-07 4.232270e-04 1.662770e-07
4.635040e-07 4.316950e-04 1.707690e-07
4.727740e-07 4.403330e-04 1.753820e-07
4.822290e-07 4.491430e-04 1.801200e-07
4.918740e-07 4.581290e-04 1.849840e-07
5.017110e-07 4.672960e-04 1.899800e-07
5.117460e-07 4.766450e-04 1.951100e-07
5.219800e-07 4.861820e-04 2.003770e-07
5.324200e-07 4.959100e-04 2.057870e-07
5.430690e-07 5.058320e-04 2.113420e-07
5.539300e-07 5.159530e-04 2.170460e-07
5.650080e-07 5.262770e-04 2.229030e-07
5.763090e-07 5.368070e-04 2.289180e-07
5.878350e-07 5.475480e-04 2.350950e-07
5.995920e-07 5.585030e-04 2.414380e-07
6.115830e-07 5.696780e-04 2.479510e-07
6.238150e-07 5.810770e-04 2.546390e-07
6.362910e-07 5.927030e-04 2.615070e-07
6.490170e-07 6.045630e-04 2.685590e-07
6.619970e-07 6.166600e-04 2.758010e-07
6.752370e-07 6.289980e-04 2.832370e-07
6.887420e-07 6.415840e-04 2.908740e-07
7.025170e-07 6.544220e-04 2.987150e-07
7.165670e-07 6.675160e-04 3.067670e-07
7.308990e-07 6.808730e-04 3.150350e-07
7.455170e-07 6.944960e-04 3.235260e-07
7.604270e-07 7.083930e-04 3.322440e-07
7.756360e-07 7.225680e-04 3.411970e-07
7.911480e-07 7.370260e-04 3.503900e-07
8.069710e-07 7.517730e-04 3.598290e-07
8.231110e-07 7.668160e-04 3.545690e-07
8.395730e-07 7.821600e-04 3.641210e-07
8.563640e-07 7.978100e-04 3.739300e-07
8.734920e-07 8.137740e-04 3.840020e-07
8.909610e-07 8.300570e-04 3.943440e-07
9.087810e-07 8.466660e-04 4.049640e-07
9.269560e-07 8.636080e-04 4.158690e-07
9.454950e-07 8.808880e-04 4.270670e-07
9.644050e-07 8.985150e-04 4.385660e-07
9.836930e-07 9.164940e-04 4.503730e-07
1.003370e-06 9.348330e-04 4.624980e-07
1.023430e-06 9.535390e-04 4.749470e-07
1.043900e-06 9.726190e-04 4.877310e-07
1.064780e-06 9.920820e-04 5.008580e-07
1.086080e-06 1.011930e-03 5.143370e-07
1.107800e-06 1.032180e-03 5.281780e-07
1.129950e-06 1.052840e-03 5.423910e-07
1.152550e-06 1.073900e-03 5.569850e-07
1.175600e-06 1.095390e-03 5.719700e-07
1.199120e-06 1.117310e-03 5.873580e-07
1.223100e-06 1.139670e-03 6.031590e-07
1.247560e-06 1.162480e-03 6.193830e-07
1.272510e-06 1.185740e-03 6.360430e-07
1.297960e-06 1.209470e-03 6.531500e-07
1.323920e-06 1.233670e-03 6.707150e-07
1.350400e-06 1.258360e-03 6.887520e-07
1.377410e-06 1.283540e-03 7.072730e-07
1.404960e-06 1.309220e-03 7.262910e-07
1.433060e-06 1.335420e-03 7.458190e-07
1.461720e-06 1.362150e-03 7.658700e-07
1.490950e-06 1.389400e-03 7.339330e-07
1.520770e-06 1.417210e-03 7.536660e-07
1.551190e-06 1.445570e-03 7.739280e-07
1.582210e-06 1.474490e-03 7.947340e-07
1.613850e-06 1.504000e-03 8.160980e-07
1.646130e-06 1.534100e-03 8.380350e-07
1.679050e-06 1.564790e-03 8.605610e-07
1.712630e-06 1.596110e-03 8.836900e-07
1.746890e-06 1.628050e-03 9.074400e-07
1.781820e-06 1.660630e-03 9.318260e-07
1.817460e-06 1.693860e-03 9.568670e-07
1.853810e-06 1.727750e-03 9.825790e-07
1.890890e-06 1.762330e-03 1.008980e-06
1.928700e-06 1.797600e-03 1.036090e-06
1.967280e-06 1.833570e-03 1.063930e-06
2.006620e-06 1.870260e-03 1.092510e-06
2.046760e-06 1.907690e-03 1.121860e-06
2.087690e-06 1.945870e-03 1.152000e-06
2.129450e-06 1.984810e-03 1.182940e-06
2.172030e-06 2.024530e-03 1.214710e-06
2.215470e-06 2.065040e-03 1.247340e-06
2.259780e-06 2.106370e-03 1.280840e-06
2.304980e-06 2.148520e-03 1.315240e-06
2.351080e-06 2.191520e-03 1.350560e-06
2.398100e-06 2.235380e-03 1.386830e-06
2.446060e-06 2.280110e-03 1.424060e-06
2.494980e-06 2.325740e-03 1.462300e-06
2.544880e-06 2.372290e-03 1.501570e-06
2.595780e-06 2.419760e-03 1.541880e-06
2.647700e-06 2.468190e-03 1.583280e-06
2.700650e-06 2.517590e-03 1.625780e-06
2.754660e-06 2.567970e-03 1.669430e-06
2.809760e-06 2.619360e-03 1.714240e-06
2.865950e-06 2.671790e-03 1.760260e-06
2.923270e-06 2.725260e-03 1.807500e-06
2.981740e-06 2.779800e-03 1.856020e-06
3.041370e-06 2.835430e-03 1.905830e-06
3.102200e-06 2.892180e-03 1.956980e-06
3.164240e-06 2.950060e-03 2.009500e-06
3.227530e-06 3.009110e-03 2.063430e-06
3.292080e-06 3.069330e-03 2.118810e-06
3.357920e-06 3.130760e-03 2.175660e-06
3.425080e-06 3.193420e-03 2.234040e-06
3.493580e-06 3.257330e-03 2.293990e-06
3.563450e-06 3.322530e-03 2.355540e-06
3.634720e-06 3.389020e-03 2.418740e-06
3.707420e-06 3.456850e-03 2.483630e-06
3.781560e-06 3.526040e-03 2.550270e-06
3.857200e-06 3.596610e-03 2.618680e-06
3.934340e-06 3.668600e-03 2.688930e-06
4.013030e-06 3.742020e-03 2.761070e-06
4.093290e-06 3.816920e-03 2.835130e-06
4.175150e-06 3.893320e-03 2.911180e-06
4.258660e-06 3.971240e-03 2.989270e-06
4.343830e-06 4.050730e-03 3.069450e-06
4.430700e-06 4.131800e-03 3.151780e-06
4.519320e-06 4.214500e-03 3.236310e-06
4.609710e-06 4.298860e-03 3.323110e-06
4.701900e-06 4.384910e-03 3.412230e-06
4.795940e-06 4.472670e-03 3.503740e-06
4.891860e-06 4.562200e-03 3.597700e-06
4.989690e-06 4.653510e-03 3.694180e-06
5.089490e-06 4.746660e-03 3.793240e-06
5.191280e-06 4.841670e-03 3.894960e-06
5.295100e-06 4.938580e-03 3.999400e-06
5.401000e-06 5.037430e-03 4.106640e-06
5.509020e-06 5.138270e-03 4.216750e-06
5.619210e-06 5.241120e-03 4.329810e-06
5.731590e-06 5.346030e-03 4.445900e-06
5.846220e-06 5.453040e-03 4.565090e-06
5.963150e-06 5.562190e-03 4.687480e-06
6.082410e-06 5.673530e-03 4.813150e-06
6.204060e-06 5.787100e-03 4.942190e-06
6.328140e-06 5.902940e-03 5.074680e-06
6.454700e-06 6.021100e-03 5.210710e-06
6.583790e-06 6.141630e-03 5.350400e-06
6.715470e-06 6.264570e-03 5.493820e-06
6.849780e-06 6.389970e-03 5.641080e-06
6.986780e-06 6.517880e-03 5.527470e-06
7.126510e-06 6.648350e-03 5.675630e-06
7.269040e-06 6.781440e-03 5.827770e-06
7.414420e-06 6.917180e-03 5.983970e-06
7.562710e-06 7.055650e-03 6.144360e-06
7.713960e-06 7.196880e-03 6.309050e-06
7.868240e-06 7.340950e-03 6.478140e-06
8.025610e-06 7.487900e-03 6.651770e-06
8.186120e-06 7.637790e-03 6.830040e-06
8.349840e-06 7.790690e-03 7.013090e-06
8.516840e-06 7.946640e-03 7.201040e-06
8.687180e-06 8.105720e-03 7.394020e-06
8.860920e-06 8.267990e-03 7.592170e-06
9.038140e-06 8.433500e-03 7.795620e-06
9.218900e-06 8.602330e-03 8.004520e-06
9.403280e-06 8.774540e-03 8.219020e-06
9.591350e-06 8.950190e-03 8.439260e-06
9.783170e-06 9.129370e-03 8.665400e-06
9.978840e-06 9.312130e-03 8.897590e-06
1.017840e-05 9.498550e-03 9.136000e-06
1.038200e-05 9.688710e-03 9.380800e-06
1.058960e-05 9.882680e-03 9.632140e-06
1.080140e-05 1.008050e-02 9.890220e-06
1.101740e-05 1.028230e-02 1.015520e-05
1.123780e-05 1.048820e-02 1.042730e-05
1.146250e-05 1.069820e-02 1.070670e-05
1.169180e-05 1.091230e-02 1.099350e-05
1.192560e-05 1.113080e-02 1.128800e-05
1.216410e-05 1.135370e-02 1.159040e-05
1.240740e-05 1.158100e-02 1.190100e-05
1.265560e-05 1.181280e-02 1.221980e-05
1.290870e-05 1.204930e-02 1.254710e-05
1.316690e-05 1.229060e-02 1.288330e-05
1.343020e-05 1.253660e-02 1.322840e-05
1.369880e-05 1.278760e-02 1.358270e-05
1.397280e-05 1.304370e-02 1.394660e-05
1.425220e-05 1.330480e-02 1.432020e-05
1.453730e-05 1.357120e-02 1.470380e-05
1.482800e-05 1.384290e-02 1.509760e-05
1.512460e-05 1.412010e-02 1.550200e-05
1.542710e-05 1.440280e-02 1.591730e-05
1.573560e-05 1.469120e-02 1.634360e-05
1.605030e-05 1.498540e-02 1.678140e-05
1.637130e-05 1.528540e-02 1.723090e-05
1.669880e-05 1.559150e-02 1.769240e-05
1.703270e-05 1.590360e-02 1.726030e-05
1.737340e-05 1.622210e-02 1.772270e-05
1.772090e-05 1.654690e-02 1.819730e-05
1.807530e-05 1.687820e-02 1.868470e-05
1.843680e-05 1.721610e-02 1.918510e-05
1.880550e-05 1.756080e-02 1.969900e-05
1.918160e-05 1.791240e-02 2.022660e-05
1.956530e-05 1.827110e-02 2.076830e-05
1.995660e-05 1.863690e-02 2.132450e-05
2.035570e-05 1.901010e-02 2.189560e-05
2.076280e-05 1.939080e-02 2.248200e-05
2.117810e-05 1.977900e-02 2.308400e-05
2.160160e-05 2.017510e-02 2.370220e-05
2.203370e-05 2.057910e-02 2.433700e-05
2.247430e-05 2.099110e-02 2.498870e-05
2.292380e-05 2.141150e-02 2.565790e-05
2.338230e-05 2.184020e-02 2.634500e-05
2.384990e-05 2.227760e-02 2.705050e-05
2.432690e-05 2.272370e-02 2.777480e-05
2.481350e-05 2.317870e-02 2.851860e-05
2.530980e-05 2.364280e-02 2.928230e-05
2.581600e-05 2.411630e-02 3.006640e-05
2.633230e-05 2.459920e-02 3.087150e-05
2.685890e-05 2.509180e-02 3.169810e-05
2.739610e-05 2.559430e-02 3.254690e-05
2.794400e-05 2.610690e-02 3.341840e-05
2.850290e-05 2.662970e-02 3.431320e-05
2.907300e-05 2.716300e-02 3.523200e-05
2.965440e-05 2.770690e-02 3.617540e-05
3.024750e-05 2.826180e-02 3.714400e-05
3.085250e-05 2.882780e-02 3.813850e-05
3.146950e-05 2.940510e-02 3.915970e-05
3.209890e-05 2.999400e-02 4.020820e-05
3.274090e-05 3.059470e-02 4.128470e-05
3.339570e-05 3.120740e-02 4.239010e-05
3.406360e-05 3.183250e-02 4.352500e-05
3.474490e-05 3.247000e-02 4.469040e-05
3.543980e-05 3.312030e-02 4.588690e-05
3.614860e-05 3.378360e-02 4.711540e-05
3.687150e-05 3.446020e-02 4.573310e-05
3.760900e-05 3.515030e-02 4.695750e-05
3.836110e-05 3.585430e-02 4.821470e-05
3.912840e-05 3.657240e-02 4.950560e-05
3.991090e-05 3.730480e-02 5.083100e-05
4.070920e-05 3.805190e-02 5.219180e-05
4.152330e-05 3.881400e-02 5.358910e-05
4.235380e-05 3.959140e-02 5.502380e-05
4.320090e-05 4.038430e-02 5.649690e-05
4.406490e-05 4.119320e-02 5.800940e-05
4.494620e-05 4.201820e-02 5.956240e-05
4.584510e-05 4.285980e-02 6.115700e-05
4.676200e-05 4.371820e-02 6.279420e-05
4.769730e-05 4.459390e-02 6.447530e-05
4.865120e-05 4.548700e-02 6.620130e-05
4.962420e-05 4.639810e-02 6.797360e-05
5.061670e-05 4.732750e-02 6.979320e-05
5.162900e-05 4.827540e-02 7.166160e-05
5.266160e-05 4.924240e-02 7.358000e-05
5.371490e-05 5.022870e-02 7.554970e-05
5.478920e-05 5.123480e-02 7.757210e-05
5.588490e-05 5.226110e-02 7.964870e-05
5.700260e-05 5.330790e-02 8.178080e-05
5.814270e-05 5.437580e-02 8.397000e-05
5.930550e-05 5.546500e-02 8.621780e-05
6.049170e-05 5.657600e-02 8.558550e-05
6.170150e-05 5.770930e-02 8.787660e-05
6.293550e-05 5.886520e-02 9.022890e-05
6.419420e-05 6.004430e-02 9.264420e-05
6.547810e-05 6.124710e-02 9.512410e-05
6.678770e-05 6.247400e-02 9.767040e-05
6.812340e-05 6.372540e-02 1.002850e-04
6.948590e-05 6.500200e-02 1.029690e-04
7.087560e-05 6.630410e-02 1.057260e-04
7.229310e-05 6.763230e-02 1.085560e-04
7.373900e-05 6.898720e-02 1.114610e-04
7.521380e-05 7.036920e-02 1.144450e-04
7.671810e-05 7.177890e-02 1.175080e-04
7.825240e-05 7.321680e-02 1.206530e-04
7.981750e-05 7.468360e-02 1.238830e-04
8.141380e-05 7.617970e-02 1.200910e-04
8.304210e-05 7.770570e-02 1.233060e-04
8.470290e-05 7.926230e-02 1.266060e-04
8.639700e-05 8.085020e-02 1.299950e-04
8.812490e-05 8.246980e-02 1.334750e-04
8.988740e-05 8.412190e-02 1.370470e-04
9.168520e-05 8.580710e-02 1.407150e-04
9.351890e-05 8.752610e-02 1.444820e-04
9.538930e-05 8.927960e-02 1.483490e-04
9.729700e-05 9.106820e-02 1.523200e-04
9.924300e-05 9.289260e-02 1.563960e-04
1.012280e-04 9.475360e-02 1.605820e-04
1.032520e-04 9.665200e-02 1.648800e-04
1.053170e-04 9.858830e-02 1.692940e-04
1.074240e-04 1.005640e-01 1.738250e-04
1.095720e-04 1.025780e-01 1.784770e-04
1.117640e-04 1.046340e-01 1.832540e-04
1.139990e-04 1.067300e-01 1.881590e-04
1.162790e-04 1.088680e-01 1.931950e-04
1.186050e-04 1.110500e-01 1.983650e-04
1.209770e-04 1.132750e-01 2.036740e-04
1.233960e-04 1.155440e-01 2.006200e-04
1.258640e-04 1.178590e-01 2.059890e-04
1.283810e-04 1.202200e-01 2.115020e-04
1.309490e-04 1.226290e-01 2.171630e-04
1.335680e-04 1.250860e-01 2.229750e-04
1.362390e-04 1.275920e-01 2.289430e-04
1.389640e-04 1.301490e-01 2.350700e-04
1.417430e-04 1.327570e-01 2.413610e-04
1.445780e-04 1.354170e-01 2.478210e-04
1.474700e-04 1.381300e-01 2.544540e-04
1.504190e-04 1.408980e-01 2.612640e-04
1.534280e-04 1.437210e-01 2.625000e-04
1.564960e-04 1.466010e-01 2.695260e-04
1.596260e-04 1.495380e-01 2.767390e-04
1.628190e-04 1.525340e-01 2.841460e-04
1.660750e-04 1.555910e-01 2.917500e-04
1.693960e-04 1.587090e-01 2.995580e-04
1.727840e-04 1.618890e-01 3.006460e-04
1.762400e-04 1.651330e-01 3.086930e-04
1.797650e-04 1.684420e-01 3.169540e-04
1.833600e-04 1.718170e-01 3.183400e-04
1.870270e-04 1.752600e-01 3.268600e-04
1.907680e-04 1.787710e-01 3.356070e-04
1.945830e-04 1.823540e-01 3.445890e-04
1.984750e-04 1.860080e-01 3.538110e-04
2.024440e-04 1.897350e-01 3.632800e-04
2.064930e-04 1.935370e-01 3.730020e-04
2.106230e-04 1.974150e-01 3.829840e-04
2.148360e-04 2.013710e-01 3.932340e-04
2.191320e-04 2.054070e-01 4.037570e-04
2.235150e-04 2.095230e-01 4.145620e-04
2.279850e-04 2.137220e-01 4.256570e-04
2.325450e-04 2.180050e-01 4.276720e-04
2.371960e-04 2.223740e-01 4.391170e-04
2.419400e-04 2.268300e-01 4.508680e-04
2.467790e-04 2.313760e-01 4.629340e-04
2.517140e-04 2.360130e-01 4.753230e-04
2.567490e-04 2.407420e-01 4.777390e-04
2.618840e-04 2.455670e-01 4.905240e-04
3.406180e-04 3.195860e-01 5.454840e-04
4.406180e-04 4.135810e-01 6.113770e-04
5.406180e-04 5.075900e-01 6.780150e-04
6.406180e-04 6.016120e-01 7.469080e-04
7.406180e-04 6.956450e-01 8.183760e-04
8.406180e-04 7.896880e-01 8.924290e-04
9.406180e-04 8.837400e-01 9.689700e-04
1.040620e-03 9.778010e-01 1.047870e-03
1.140620e-03 1.071870e+00 1.129000e-03
1.240620e-03 1.165940e+00 1.212230e-03
1.340620e-03 1.260030e+00 1.297420e-03
1.440620e-03 1.354110e+00 1.384470e-03
1.540620e-03 1.448210e+00 1.473260e-03
1.640620e-03 1.542310e+00 1.563700e-03
1.740620e-03 1.636410e+00 1.655710e-03
1.840620e-03 1.730530e+00 1.749190e-03
1.940620e-03 1.824640e+00 1.844070e-03
2.040620e-03 1.918760e+00 1.940280e-03
2.140620e-03 2.012890e+00 2.037770e-03
2.240620e-03 2.107020e+00 2.136470e-03
2.340620e-03 2.201160e+00 2.236320e-03
2.440620e-03 2.295290e+00 2.337300e-03
2.540620e-03 2.389440e+00 2.439330e-03
2.640620e-03 2.483590e+00 2.542400e-03
2.740620e-03 2.577740e+00 2.646460e-03
2.840620e-03 2.671890e+00 2.751470e-03
2.940620e-03 2.766050e+00 2.857410e-03
3.040620e-03 2.860210e+00 2.964250e-03
3.140620e-03 2.954380e+00 3.071960e-03
3.240620e-03 3.048550e+00 3.180520e-03
3.340620e-03 3.142720e+00 3.289900e-03
3.440620e-03 3.236900e+00 3.400090e-03
3.540620e-03 3.331080e+00 3.511080e-03
3.640620e-03 3.425260e+00 3.622840e-03
3.740620e-03 3.519450e+00 3.735360e-03
3.840620e-03 3.613630e+00 3.848630e-03
3.940620e-03 3.707830e+00 3.962640e-03
4.040620e-03 3.802020e+00 4.077380e-03
4.140620e-03 3.896220e+00 4.192830e-03
4.240620e-03 3.990420e+00 4.309000e-03
4.340620e-03 4.084620e+00 4.425880e-03
4.440620e-03 4.178830e+00 4.543450e-03
4.540620e-03 4.273040e+00 4.661730e-03
4.640620e-03 4.367250e+00 4.780700e-03
4.740620e-03 4.461460e+00 4.900360e-03
4.840620e-03 4.555680e+00 5.020710e-03
4.940620e-03 4.649890e+00 5.141750e-03
5.040620e-03 4.744110e+00 5.263470e-03
5.140620e-03 4.838340e+00 5.385890e-03
5.240620e-03 4.932560e+00 5.509000e-03
5.340620e-03 5.026790e+00 5.632810e-03
5.440620e-03 5.121020e+00 5.757310e-03
5.540620e-03 5.215260e+00 5.882510e-03
5.640620e-03 5.309490e+00 6.008410e-03
5.740620e-03 5.403730e+00 6.135020e-03
5.840620e-03 5.497970e+00 6.262340e-03
5.940620e-03 5.592210e+00 6.390370e-03
6.040620e-03 5.686450e+00 6.519130e-03
6.140620e-03 5.780700e+00 6.648620e-03
6.240620e-03 5.874950e+00 6.778830e-03
6.340620e-03 5.969200e+00 6.909790e-03
6.440620e-03 6.063450e+00 7.041500e-03
6.540620e-03 6.157700e+00 7.173960e-03
6.640620e-03 6.251960e+00 7.307190e-03
6.740620e-03 6.346220e+00 7.441180e-03
6.840620e-03 6.440480e+00 7.575950e-03
6.940620e-03 6.534740e+00 7.711510e-03
7.040620e-03 6.629000e+00 7.847860e-03
7.140620e-03 6.723270e+00 7.985020e-03
7.240620e-03 6.817540e+00 8.122990e-03
7.340620e-03 6.911810e+00 8.261770e-03
7.440620e-03 7.006080e+00 8.401400e-03
7.540620e-03 7.100350e+00 8.541860e-03
7.640620e-03 7.194630e+00 8.683170e-03
7.740620e-03 7.288910e+00 8.825340e-03
7.840620e-03 7.383190e+00 8.968380e-03
7.940620e-03 7.477470e+00 9.112310e-03
8.040620e-03 7.571750e+00 9.257120e-03
8.140620e-03 7.666040e+00 9.402830e-03
8.240620e-03 7.760320e+00 9.549460e-03
8.340620e-03 7.854610e+00 9.697010e-03
8.440620e-03 7.948900e+00 9.845490e-03
8.540620e-03 8.043190e+00 9.994910e-03
8.640620e-03 8.137490e+00 1.014530e-02
8.740620e-03 8.231780e+00 1.029660e-02
8.840620e-03 8.326080e+00 1.044900e-02
8.940620e-03 8.420380e+00 1.060230e-02
9.040620e-03 8.514680e+00 1.075660e-02
9.140620e-03 8.608980e+00 1.091190e-02
9.240620e-03 8.703280e+00 1.106820e-02
9.340620e-03 8.797590e+00 1.122560e-02
9.440620e-03 8.891900e+00 1.138400e-02
9.540620e-03 8.986210e+00 1.154350e-02
9.640620e-03 9.080520e+00 1.170400e-02
9.740620e-03 9.174830e+00 1.186560e-02
9.840620e-03 9.269140e+00 1.202830e-02
9.940620e-03 9.363460e+00 1.219210e-02
1.004060e-02 9.457780e+00 1.235700e-02
1.014060e-02 9.552100e+00 1.252310e-02
1.024060e-02 9.646420e+00 1.269030e-02
1.034060e-02 9.740740e+00 1.285860e-02
1.044060e-02 9.835060e+00 1.302800e-02
1.054060e-02 9.929390e+00 1.319870e-02
1.064060e-02 1.002370e+01 1.337050e-02
1.074060e-02 1.011800e+01 1.354350e-02
1.084060e-02 1.021240e+01 1.371780e-02
1.094060e-02 1.030670e+01 1.389320e-02
1.104060e-02 1.040100e+01 1.406980e-02
1.114060e-02 1.049540e+01 1.424770e-02
1.124060e-02 1.058970e+01 1.442690e-02
1.134060e-02 1.068410e+01 1.460730e-02
1.144060e-02 1.077840e+01 1.478900e-02
1.154060e-02 1.087270e+01 1.497190e-02
1.164060e-02 1.096710e+01 1.515620e-02
1.174060e-02 1.106140e+01 1.534170e-02
1.184060e-02 1.115580e+01 1.552860e-02
1.194060e-02 1.125010e+01 1.571680e-02
1.204060e-02 1.134450e+01 1.590630e-02
1.214060e-02 1.143880e+01 1.609720e-02
1.224060e-02 1.153320e+01 1.628940e-02
1.234060e-02 1.162750e+01 1.648300e-02
1.244060e-02 1.172190e+01 1.667800e-02
1.254060e-02 1.181620e+01 1.687440e-02
1.264060e-02 1.191060e+01 1.707220e-02
1.274060e-02 1.200500e+01 1.727140e-02
1.284060e-02 1.209930e+01 1.747200e-02
1.294060e-02 1.219370e+01 1.767400e-02
1.304060e-02 1.228800e+01 1.787750e-02
1.314060e-02 1.238240e+01 1.808240e-02
1.324060e-02 1.247680e+01 1.828880e-02
1.334060e-02 1.257120e+01 1.849670e-02
1.344060e-02 1.266550e+01 1.870610e-02
1.354060e-02 1.275990e+01 1.891690e-02
1.364060e-02 1.285430e+01 1.912930e-02
1.374060e-02 1.294870e+01 1.934320e-02
1.384060e-02 1.304300e+01 1.955860e-02
1.394060e-02 1.313740e+01 1.977550e-02
1.404060e-02 1.323180e+01 1.999400e-02
1.414060e-02 1.332620e+01 2.021400e-02
1.424060e-02 1.342060e+01 2.043560e-02
1.434060e-02 1.351490e+01 2.065870e-02
1.444060e-02 1.360930e+01 2.088350e-02
1.454060e-02 1.370370e+01 2.110980e-02
1.464060e-02 1.379810e+01 2.133770e-02
1.474060e-02 1.389250e+01 2.156730e-02
1.484060e-02 1.398690e+01 2.179840e-02
1.494060e-02 1.408130e+01 2.203120e-02
1.504060e-02 1.417570e+01 2.226560e-02
1.514060e-02 1.427010e+01 2.250170e-02
1.524060e-02 1.436450e+01 2.273940e-02
1.534060e-02 1.445890e+01 2.297880e-02
1.544060e-02 1.455330e+01 2.321990e-02
1.554060e-02 1.464770e+01 2.346260e-02
1.564060e-02 1.474210e+01 2.370700e-02
1.574060e-02 1.483650e+01 2.395320e-02
1.584060e-02 1.493090e+01 2.420100e-02
1.594060e-02 1.502530e+01 2.445050e-02
1.604060e-02 1.511970e+01 2.470180e-02
1.614060e-02 1.521420e+01 2.495480e-02
1.624060e-02 1.530860e+01 2.520950e-02
1.634060e-02 1.540300e+01 2.546600e-02
1.644060e-02 1.549740e+01 2.572420e-02
1.654060e-02 1.559180e+01 2.598420e-02
1.664060e-02 1.568620e+01 2.624600e-02
1.674060e-02 1.578070e+01 2.650950e-02
1.684060e-02 1.587510e+01 2.677480e-02
1.694060e-02 1.596950e+01 2.704200e-02
1.704060e-02 1.606390e+01 2.731090e-02
1.714060e-02 1.615840e+01 2.758160e-02
1.724060e-02 1.625280e+01 2.785410e-02
1.734060e-02 1.634720e+01 2.812850e-02
1.744060e-02 1.644170e+01 2.840470e-02
1.754060e-02 1.653610e+01 2.868270e-02
1.764060e-02 1.663050e+01 2.896250e-02
1.774060e-02 1.672500e+01 2.924420e-02
1.784060e-02 1.681940e+01 2.952780e-02
1.794060e-02 1.691390e+01 2.981320e-02
1.804060e-02 1.700830e+01 3.010050e-02
1.814060e-02 1.710280e+01 3.038970e-02
1.824060e-02 1.719720e+01 3.068080e-02
1.834060e-02 1.729170e+01 3.097370e-02
1.844060e-02 1.738610e+01 3.126850e-02
1.854060e-02 1.748060e+01 3.156530e-02
1.864060e-02 1.757500e+01 3.186390e-02
1.874060e-02 1.766950e+01 3.216440e-02
1.884060e-02 1.776390e+01 3.246690e-02
1.894060e-02 1.785840e+01 3.277130e-02
1.904060e-02 1.795280e+01 3.307760e-02
1.914060e-02 1.804730e+01 3.338590e-02
1.924060e-02 1.814180e+01 3.369610e-02
1.934060e-02 1.823620e+01 3.400830e-02
1.944060e-02 1.833070e+01 3.432240e-02
1.954060e-02 1.842520e+01 3.463840e-02
1.964060e-02 1.851960e+01 3.495640e-02
1.974060e-02 1.861410e+01 3.527640e-02
1.984060e-02 1.870860e+01 3.559840e-02
1.994060e-02 1.880310e+01 3.592230e-02
2.004060e-02 1.889750e+01 3.624830e-02
2.014060e-02 1.899200e+01 3.657620e-02
2.024060e-02 1.908650e+01 3.690610e-02
2.034060e-02 1.918100e+01 3.723800e-02
2.044060e-02 1.927550e+01 3.757190e-02
2.054060e-02 1.936990e+01 3.790780e-02
2.064060e-02 1.946440e+01 3.824580e-02
2.074060e-02 1.955890e+01 3.858570e-02
2.084060e-02 1.965340e+01 3.892770e-02
2.094060e-02 1.974790e+01 3.927170e-02
2.104060e-02 1.984240e+01 3.961770e-02
2.114060e-02 1.993690e+01 3.996570e-02
2.124060e-02 2.003140e+01 4.031580e-02
2.134060e-02 2.012590e+01 4.066800e-02
2.144060e-02 2.022040e+01 4.102220e-02
2.154060e-02 2.031490e+01 4.137840e-02
2.164060e-02 2.040940e+01 4.173670e-02
2.174060e-02 2.050390e+01 4.209700e-02
2.184060e-02 2.059840e+01 4.245940e-02
2.194060e-02 2.069290e+01 4.282390e-02
2.204060e-02 2.078740e+01 4.319040e-02
2.214060e-02 2.088190e+01 4.355910e-02
2.224060e-02 2.097640e+01 4.392970e-02
2.234060e-02 2.107090e+01 4.430250e-02
2.244060e-02 2.116550e+01 4.467740e-02
2.254060e-02 2.126000e+01 4.505430e-02
2.264060e-02 2.135450e+01 4.543330e-02
2.274060e-02 2.144900e+01 4.581440e-02
2.284060e-02 2.154350e+01 4.619760e-02
2.294060e-02 2.163810e+01 4.658290e-02
2.304060e-02 2.173260e+01 4.697030e-02
2.314060e-02 2.182710e+01 4.735980e-02
2.324060e-02 2.192160e+01 4.775150e-02
2.334060e-02 2.201620e+01 4.814520e-02
2.344060e-02 2.211070e+01 4.854100e-02
2.354060e-02 2.220520e+01 4.893900e-02
2.364060e-02 2.229980e+01 4.933900e-02
2.374060e-02 2.239430e+01 4.974120e-02
2.384060e-02 2.248890e+01 5.014550e-02
2.394060e-02 2.258340e+01 5.055190e-02
2.404060e-02 2.267790e+01 5.096050e-02
2.487335e-02 2.345404e+01 5.126734e-02
5.410325e-02 5.115024e+01 2.559699e-01
8.113221e-02 7.690026e+01 6.053755e-01
1.044416e-01 9.922587e+01 1.085124e+00
1.241829e-01 1.182361e+02 1.674984e+00
1.410808e-01 1.345952e+02 2.359261e+00
1.555884e-01 1.487191e+02 3.124189e+00
1.684440e-01 1.612930e+02 3.959356e+00
1.799738e-01 1.726336e+02 4.857080e+00
1.905053e-01 1.830465e+02 5.811512e+00
2.002432e-01 1.927249e+02 6.818068e+00
2.093358e-01 2.018090e+02 7.873061e+00
2.178945e-01 2.104037e+02 8.973469e+00
2.260050e-01 2.185900e+02 1.011677e+01
2.337345e-01 2.264317e+02 1.130084e+01
2.411371e-01 2.339798e+02 1.252385e+01
2.482567e-01 2.412762e+02 1.378424e+01
2.551297e-01 2.483551e+02 1.508066e+01
2.617865e-01 2.552457e+02 1.641190e+01
2.682526e-01 2.619722e+02 1.777693e+01
2.745500e-01 2.685556e+02 1.917481e+01
2.806974e-01 2.750139e+02 2.060474e+01
2.867110e-01 2.813625e+02 2.206598e+01
2.926049e-01 2.876153e+02 2.355787e+01
2.983916e-01 2.937840e+02 2.507984e+01
3.040820e-01 2.998795e+02 2.663137e+01
3.096858e-01 3.059110e+02 2.821197e+01
3.152115e-01 3.118870e+02 2.982123e+01
3.206670e-01 3.178150e+02 3.145876e+01
3.260591e-01 3.237020e+02 3.312423e+01
3.313940e-01 3.295540e+02 3.481732e+01
3.366774e-01 3.353767e+02 3.653775e+01
3.419143e-01 3.411752e+02 3.828527e+01
3.471094e-01 3.469542e+02 4.005965e+01
3.522670e-01 3.527180e+02 4.186069e+01
3.573909e-01 3.584705e+02 4.368820e+01
3.624846e-01 3.642154e+02 4.554203e+01
3.675515e-01 3.699561e+02 4.742202e+01
3.725945e-01 3.756958e+02 4.932805e+01
3.776165e-01 3.814373e+02 5.125999e+01
3.826200e-01 3.871835e+02 5.321775e+01
3.876074e-01 3.929369e+02 5.520123e+01
3.925809e-01 3.986999e+02 5.721037e+01
3.975426e-01 4.044748e+02 5.924509e+01
4.024944e-01 4.102636e+02 6.130534e+01
4.074382e-01 4.160685e+02 6.339107e+01
4.123755e-01 4.218914e+02 6.550225e+01
4.173081e-01 4.277340e+02 6.763884e+01
4.222373e-01 4.335980e+02 6.980083e+01
4.271646e-01 4.394851e+02 7.198820e+01
4.320914e-01 4.453969e+02 7.420094e+01
4.370187e-01 4.513348e+02 7.643906e+01
4.419479e-01 4.573004e+02 7.870257e+01
4.468800e-01 4.632948e+02 8.099146e+01
4.518161e-01 4.693195e+02 8.330577e+01
4.567572e-01 4.753758e+02 8.564552e+01
4.617042e-01 4.814648e+02 8.801072e+01
4.666580e-01 4.875877e+02 9.040143e+01
4.716195e-01 4.937456e+02 9.281766e+01
4.765894e-01 4.999396e+02 9.525947e+01
4.815687e-01 5.061709e+02 9.772691e+01
4.865579e-01 5.124404e+02 1.002200e+02
4.915579e-01 5.187491e+02 1.027388e+02
4.965693e-01 5.250980e+02 1.052834e+02
5.015927e-01 5.314881e+02 1.078539e+02
5.066288e-01 5.379202e+02 1.104502e+02
5.116782e-01 5.443953e+02 1.130726e+02
5.167414e-01 5.509142e+02 1.157209e+02
5.218190e-01 5.574778e+02 1.183954e+02
5.269116e-01 5.640869e+02 1.210961e+02
5.320196e-01 5.707424e+02 1.238230e+02
5.371435e-01 5.774450e+02 1.265763e+02
5.422839e-01 5.841956e+02 1.293560e+02
5.474411e-01 5.909948e+02 1.321623e+02
5.526156e-01 5.978436e+02 1.349951e+02
5.578079e-01 6.047426e+02 1.378547e+02
5.630183e-01 6.116925e+02 1.407410e+02
5.682473e-01 6.186942e+02 1.436542e+02
5.734952e-01 6.257482e+02 1.465944e+02
5.787625e-01 6.328554e+02 1.495617e+02
5.840495e-01 6.400164e+02 1.525561e+02
5.893565e-01 6.472318e+02 1.555778e+02
5.946839e-01 6.545025e+02 1.586270e+02
6.000321e-01 6.618289e+02 1.617036e+02
6.054013e-01 6.692119e+02 1.648078e+02
6.107919e-01 6.766521e+02 1.679397e+02
6.162042e-01 6.841501e+02 1.710994e+02
6.216385e-01 6.917065e+02 1.742871e+02
6.270951e-01 6.993221e+02 1.775028e+02
6.325743e-01 7.069974e+02 1.807467e+02
6.380764e-01 7.147331e+02 1.840188e+02
6.436016e-01 7.225297e+02 1.873194e+02
6.491502e-01 7.303880e+02 1.906485e+02
6.547225e-01 7.383085e+02 1.940062e+02
6.603187e-01 7.462919e+02 1.973926e+02
6.659391e-01 7.543387e+02 2.008080e+02
6.715840e-01 7.624496e+02 2.042523e+02
6.772535e-01 7.706252e+02 2.077258e+02
6.829480e-01 7.788660e+02 2.112286e+02
6.886676e-01 7.871727e+02 2.147608e+02
6.944127e-01 7.955459e+02 2.183224e+02
7.001833e-01 8.039861e+02 2.219138e+02
7.059797e-01 8.124939e+02 2.255349e+02
7.118023e-01 8.210700e+02 2.291859e+02
7.176511e-01 8.297149e+02 2.328670e+02
7.235263e-01 8.384292e+02 2.365783e+02
7.294283e-01 8.472134e+02 2.403200e+02
7.353571e-01 8.560683e+02 2.440920e+02
7.413131e-01 8.649943e+02 2.478947e+02
7.472963e-01 8.739920e+02 2.517282e+02
7.533071e-01 8.830620e+02 2.555925e+02
7.593455e-01 8.922048e+02 2.594878e+02
7.654118e-01 9.014212e+02 2.634144e+02
7.715061e-01 9.107115e+02 2.673722e+02
7.776288e-01 9.200765e+02 2.713615e+02
7.837798e-01 9.295166e+02 2.753824e+02
7.899595e-01 9.390325e+02 2.794351e+02
7.961679e-01 9.486247e+02 2.835196e+02
8.024054e-01 9.582938e+02 2.876362e+02
8.086720e-01 9.680404e+02 2.917851e+02
8.149679e-01 9.778650e+02 2.959662e+02
8.212933e-01 9.877682e+02 3.001799e+02
8.276484e-01 9.977505e+02 3.044262e+02
8.340333e-01 1.007813e+03 3.087053e+02
8.404482e-01 1.017955e+03 3.130174e+02
8.468932e-01 1.028178e+03 3.173626e+02
8.533686e-01 1.038483e+03 3.217411e+02
8.598745e-01 1.048870e+03 3.261530e+02
8.664111e-01 1.059339e+03 3.305985e+02
8.729784e-01 1.069892e+03 3.350778e+02
8.795767e-01 1.080528e+03 3.395909e+02
8.862062e-01 1.091249e+03 3.441381e+02
8.928669e-01 1.102054e+03 3.487195e+02
8.995590e-01 1.112945e+03 3.533354e+02
9.062828e-01 1.123923e+03 3.579857e+02
9.130383e-01 1.134986e+03 3.626708e+02
9.198256e-01 1.146137e+03 3.673908e+02
9.266450e-01 1.157376e+03 3.721458e+02
9.334966e-01 1.168702e+03 3.769360e+02
9.403806e-01 1.180118e+03 3.817615e+02
9.472970e-01 1.191624e+03 3.866226e+02
9.542460e-01 1.203219e+03 3.915195e+02
9.612278e-01 1.214905e+03 3.964521e+02
9.682425e-01 1.226682e+03 4.014209e+02
9.752903e-01 1.238551e+03 4.064258e+02
9.823712e-01 1.250513e+03 4.114672e+02
9.894856e-01 1.262567e+03 4.165450e+02
9.966334e-01 1.274715e+03 4.216597e+02
1.003815e+00 1.286957e+03 4.268112e+02
1.011030e+00 1.299294e+03 4.319998e+02
1.018279e+00 1.311726e+03 4.372256e+02
1.025562e+00 1.324253e+03 4.424888e+02
1.032879e+00 1.336878e+03 4.477897e+02
1.040231e+00 1.349599e+03 4.531283e+02
1.047617e+00 1.362418e+03 4.585049e+02
1.055038e+00 1.375336e+03 4.639196e+02
1.062493e+00 1.388352e+03 4.693727e+02
1.069983e+00 1.401467e+03 4.748642e+02
1.077508e+00 1.414683e+03 4.803943e+02
1.085069e+00 1.427999e+03 4.859634e+02
1.092664e+00 1.441417e+03 4.915714e+02
1.100295e+00 1.454936e+03 4.972187e+02
1.107961e+00 1.468557e+03 5.029054e+02
1.115663e+00 1.482282e+03 5.086316e+02
1.123401e+00 1.496110e+03 5.143976e+02
1.131175e+00 1.510042e+03 5.202035e+02
1.138985e+00 1.524079e+03 5.260496e+02
1.146831e+00 1.538222e+03 5.319360e+02
1.154713e+00 1.552470e+03 5.378629e+02
1.162631e+00 1.566826e+03 5.438304e+02
1.170586e+00 1.581288e+03 5.498389e+02
1.178578e+00 1.595858e+03 5.558884e+02
1.186607e+00 1.610537e+03 5.619792e+02
1.194672e+00 1.625324e+03 5.681114e+02
1.202775e+00 1.640222e+03 5.742853e+02
1.210915e+00 1.655229e+03 5.805010e+02
1.219092e+00 1.670348e+03 5.867587e+02
1.227306e+00 1.685578e+03 5.930586e+02
1.235558e+00 1.700920e+03 5.994009e+02
1.243848e+00 1.716374e+03 6.057858e+02
1.252175e+00 1.731943e+03 6.122135e+02
1.260541e+00 1.747625e+03 6.186842e+02
1.268944e+00 1.763421e+03 6.251981e+02
1.277386e+00 1.779333e+03 6.317554e+02
1.285866e+00 1.795361e+03 6.383562e+02
1.294384e+00 1.811505e+03 6.450008e+02
1.302941e+00 1.827767e+03 6.516894e+02
1.311536e+00 1.844146e+03 6.584222e+02
1.320170e+00 1.860643e+03 6.651993e+02
1.328844e+00 1.877260e+03 6.720210e+02
1.337556e+00 1.893996e+03 6.788874e+02
1.346307e+00 1.910852e+03 6.857989e+02
1.355098e+00 1.927829e+03 6.927555e+02
1.363928e+00 1.944928e+03 6.997575e+02
1.372797e+00 1.962149e+03 7.068050e+02
1.381706e+00 1.979493e+03 7.138984e+02
1.390655e+00 1.996960e+03 7.210377e+02
1.399644e+00 2.014551e+03 7.282232e+02
1.408672e+00 2.032267e+03 7.354551e+02
1.417741e+00 2.050109e+03 7.427337e+02
1.426850e+00 2.068076e+03 7.500590e+02
1.435999e+00 2.086170e+03 7.574314e+02
1.445189e+00 2.104392e+03 7.648509e+02
1.454419e+00 2.122741e+03 7.723180e+02
1.463690e+00 2.141219e+03 7.798326e+02
1.473002e+00 2.159827e+03 7.873951e+02
1.482355e+00 2.178564e+03 7.950057e+02
1.491749e+00 2.197432e+03 8.026646e+02
1.501184e+00 2.216431e+03 8.103719e+02
1.510660e+00 2.235562e+03 8.181280e+02
1.520178e+00 2.254826e+03 8.259329e+02
1.529737e+00 2.274223e+03 8.337870e+02
1.539338e+00 2.293754e+03 8.416904e+02
1.548980e+00 2.313420e+03 8.496434e+02
1.558665e+00 2.333220e+03 8.576461e+02
1.568391e+00 2.353157e+03 8.656989e+02
1.578159e+00 2.373231e+03 8.738018e+02
1.587970e+00 2.393441e+03 8.819552e+02
1.597823e+00 2.413790e+03 8.901592e+02
1.607719e+00 2.434277e+03 8.984140e+02
1.617657e+00 2.454903e+03 9.067200e+02
1.627637e+00 2.475670e+03 9.150772e+02
1.637661e+00 2.496577e+03 9.234859e+02
1.647727e+00 2.517625e+03 9.319464e+02
1.657837e+00 2.538816e+03 9.404588e+02
1.667989e+00 2.560149e+03 9.490234e+02
1.678185e+00 2.581625e+03 9.576404e+02
1.688424e+00 2.603246e+03 9.663100e+02
1.698707e+00 2.625012e+03 9.750325e+02
1.709033e+00 2.646922e+03 9.838081e+02
1.719403e+00 2.668980e+03 9.926369e+02
1.729817e+00 2.691183e+03 1.001519e+03
1.740275e+00 2.713535e+03 1.010455e+03
1.750776e+00 2.736035e+03 1.019445e+03
1.761322e+00 2.758683e+03 1.028490e+03
1.771913e+00 2.781482e+03 1.037589e+03
1.782547e+00 2.804430e+03 1.046742e+03
1.793226e+00 2.827530e+03 1.055950e+03
1.803950e+00 2.850781e+03 1.065214e+03
1.814719e+00 2.874185e+03 1.074532e+03
1.825532e+00 2.897742e+03 1.083907e+03
1.836390e+00 2.921453e+03 1.093337e+03
1.847294e+00 2.945319e+03 1.102823e+03
1.858242e+00 2.969340e+03 1.112365e+03
1.869236e+00 2.993517e+03 1.121964e+03
1.880276e+00 3.017850e+03 1.131620e+03
1.891360e+00 3.042341e+03 1.141333e+03
1.902491e+00 3.066991e+03 1.151102e+03
1.913667e+00 3.091799e+03 1.160930e+03
1.924889e+00 3.116766e+03 1.170815e+03
1.936157e+00 3.141895e+03 1.180758e+03
1.947472e+00 3.167184e+03 1.190759e+03
1.958832e+00 3.192635e+03 1.200818e+03
1.970239e+00 3.218248e+03 1.210936e+03
1.981692e+00 3.244025e+03 1.221113e+03
1.993192e+00 3.269966e+03 1.231349e+03
2.004738e+00 3.296071e+03 1.241645e+03
2.016331e+00 3.322342e+03 1.252000e+03
2.027971e+00 3.348779e+03 1.262414e+03
2.039658e+00 3.375383e+03 1.272889e+03
2.051392e+00 3.402155e+03 1.283424e+03
2.063174e+00 3.429095e+03 1.294020e+03
2.075002e+00 3.456204e+03 1.304677e+03
2.086878e+00 3.483483e+03 1.315394e+03
2.098802e+00 3.510933e+03 1.326173e+03
2.110773e+00 3.538554e+03 1.337014e+03
2.122793e+00 3.566348e+03 1.347916e+03
2.134860e+00 3.594314e+03 1.358880e+03
2.146975e+00 3.622454e+03 1.369907e+03
2.159138e+00 3.650768e+03 1.380996e+03
2.171349e+00 3.679257e+03 1.392147e+03
2.183609e+00 3.707923e+03 1.403362e+03
2.195917e+00 3.736765e+03 1.414640e+03
2.208274e+00 3.765784e+03 1.425982e+03
2.220679e+00 3.794982e+03 1.437387e+03
2.233133e+00 3.824358e+03 1.448857e+03
2.245636e+00 3.853915e+03 1.460390e+03
2.258188e+00 3.883652e+03 1.471988e+03
2.270789e+00 3.913570e+03 1.483651e+03
2.283440e+00 3.943670e+03 1.495379e+03
2.296140e+00 3.973953e+03 1.507173e+03
2.308889e+00 4.004419e+03 1.519031e+03
2.321687e+00 4.035070e+03 1.530956e+03
2.334536e+00 4.065906e+03 1.542947e+03
2.347434e+00 4.096928e+03 1.555004e+03
2.360382e+00 4.128136e+03 1.567127e+03
2.373380e+00 4.159532e+03 1.579317e+03
2.386429e+00 4.191117e+03 1.591575e+03
2.399527e+00 4.222890e+03 1.603899e+03
2.412676e+00 4.254853e+03 1.616292e+03
2.425875e+00 4.287007e+03 1.628752e+03
2.439125e+00 4.319352e+03 1.641280e+03
2.452425e+00 4.351890e+03 1.653877e+03
2.465776e+00 4.384620e+03 1.666542e+03
2.479179e+00 4.417544e+03 1.679276e+03
2.492632e+00 4.450663e+03 1.692080e+03
2.506136e+00 4.483977e+03 1.704952e+03
2.519691e+00 4.517487e+03 1.717895e+03
2.533298e+00 4.551194e+03 1.730907e+03
2.546956e+00 4.585099e+03 1.743990e+03
2.560666e+00 4.619203e+03 1.757143e+03
2.574428e+00 4.653506e+03 1.770367e+03
2.588241e+00 4.688009e+03 1.783661e+03
2.602106e+00 4.722713e+03 1.797027e+03
2.616023e+00 4.757619e+03 1.810465e+03
2.629992e+00 4.792728e+03 1.823975e+03
2.644013e+00 4.828040e+03 1.837556e+03
2.658087e+00 4.863556e+03 1.851210e+03
2.672213e+00 4.899278e+03 1.864936e+03
2.686392e+00 4.935205e+03 1.878736e+03
2.700623e+00 4.971339e+03 1.892608e+03
2.714908e+00 5.007680e+03 1.906554e+03
2.729245e+00 5.044230e+03 1.920574e+03
2.743635e+00 5.080989e+03 1.934668e+03
2.758078e+00 5.117959e+03 1.948836e+03
2.772574e+00 5.155138e+03 1.963078e+03
2.787123e+00 5.192530e+03 1.977395e+03
2.801726e+00 5.230134e+03 1.991788e+03
2.816383e+00 5.267952e+03 2.006255e+03
2.831093e+00 5.305983e+03 2.020799e+03
2.845857e+00 5.344230e+03 2.035418e+03
2.860675e+00 5.382692e+03 2.050113e+03
2.875547e+00 5.421372e+03 2.064885e+03
2.890473e+00 5.460268e+03 2.079733e+03
2.905453e+00 5.499383e+03 2.094659e+03
2.920487e+00 5.538718e+03 2.109662e+03
2.935576e+00 5.578272e+03 2.124742e+03
2.950719e+00 5.618047e+03 2.139901e+03
2.965917e+00 5.658044e+03 2.155137e+03
2.981169e+00 5.698264e+03 2.170452e+03
2.996477e+00 5.738707e+03 2.185845e+03
3.011839e+00 5.779375e+03 2.201318e+03
3.027257e+00 5.820267e+03 2.216870e+03
3.042730e+00 5.861386e+03 2.232501e+03
3.058258e+00 5.902732e+03 2.248212e+03
3.073841e+00 5.944305e+03 2.264003e+03
3.089480e+00 5.986107e+03 2.279875e+03
3.105174e+00 6.028138e+03 2.295828e+03
3.120925e+00 6.070400e+03 2.311861e+03
3.136731e+00 6.112893e+03 2.327976e+03
3.152593e+00 6.155618e+03 2.344172e+03
3.168511e+00 6.198577e+03 2.360450e+03
3.184485e+00 6.241768e+03 2.376810e+03
3.200515e+00 6.285195e+03 2.393252e+03
3.216602e+00 6.328857e+03 2.409778e+03
3.232745e+00 6.372756e+03 2.426386e+03
3.248945e+00 6.416892e+03 2.443077e+03
3.265202e+00 6.461266e+03 2.459853e+03
3.281516e+00 6.505880e+03 2.476712e+03
3.297886e+00 6.550733e+03 2.493655e+03
3.314313e+00 6.595827e+03 2.510682e+03
3.330798e+00 6.641163e+03 2.527795e+03
3.347340e+00 6.686742e+03 2.544992e+03
3.363939e+00 6.732564e+03 2.562275e+03
3.380596e+00 6.778631e+03 2.579643e+03
3.397310e+00 6.824943e+03 2.597098e+03
3.414082e+00 6.871501e+03 2.614638e+03
3.430912e+00 6.918306e+03 2.632265e+03
3.447799e+00 6.965360e+03 2.649979e+03
3.464745e+00 7.012662e+03 2.667780e+03
3.481749e+00 7.060214e+03 2.685669e+03
3.498811e+00 7.108017e+03 2.703645e+03
3.515931e+00 7.156071e+03 2.721709e+03
3.533110e+00 7.204378e+03 2.739862e+03
3.550347e+00 7.252939e+03 2.758103e+03
3.567643e+00 7.301754e+03 2.776433e+03
3.584998e+00 7.350824e+03 2.794853e+03
3.602412e+00 7.400150e+03 2.813362e+03
3.619884e+00 7.449733e+03 2.831960e+03
3.637416e+00 7.499575e+03 2.850649e+03
3.655007e+00 7.549675e+03 2.869428e+03
3.672658e+00 7.600036e+03 2.888299e+03
3.690367e+00 7.650657e+03 2.907260e+03
3.708137e+00 7.701539e+03 2.926312e+03
3.725966e+00 7.752685e+03 2.945456e+03
3.743854e+00 7.804094e+03 2.964693e+03
3.761803e+00 7.855767e+03 2.984021e+03
3.779812e+00 7.907706e+03 3.003442e+03
3.797880e+00 7.959911e+03 3.022956e+03
3.816009e+00 8.012384e+03 3.042563e+03
3.834198e+00 8.065124e+03 3.062264e+03
3.852448e+00 8.118134e+03 3.082058e+03
3.870758e+00 8.171414e+03 3.101947e+03
3.889129e+00 8.224965e+03 3.121930e+03
3.907560e+00 8.278788e+03 3.142008e+03
3.926052e+00 8.332884e+03 3.162181e+03
3.944606e+00 8.387254e+03 3.182449e+03
3.963220e+00 8.441898e+03 3.202814e+03
3.981896e+00 8.496819e+03 3.223274e+03
4.000632e+00 8.552016e+03 3.243830e+03
4.019431e+00 8.607491e+03 3.264483e+03
4.038290e+00 8.663244e+03 3.285233e+03
4.057211e+00 8.719277e+03 3.306081e+03
4.076194e+00 8.775590e+03 3.327026e+03
4.095239e+00 8.832185e+03 3.348069e+03
4.114346e+00 8.889063e+03 3.369210e+03
4.133515e+00 8.946224e+03 3.390450e+03
4.152746e+00 9.003669e+03 3.411788e+03
4.172039e+00 9.061399e+03 3.433226e+03
4.191394e+00 9.119416e+03 3.454764e+03
